[107272.2, 107210.8, 214528.0, 222.4, 215.4, 205.8, 71.8]
[107127.2, 107319.2, 214446.6, 223.8, 217.3, 216.7, 74.8]
[107151.4, 107254.1, 214316.3, 218.2, 227.9, 234.1, 75.2]
[107113.3, 107191.8, 214246.1, 218.6, 235.5, 231.6, 73.0]
[107276.1, 107142.6, 214472.9, 221.9, 215.3, 213.2, 70.1]
[107110.7, 107293.2, 214300.9, 228.4, 220.9, 217.3, 76.8]
[107273.7, 107291.3, 214480.2, 221.1, 232.2, 238.8, 77.4]
[107183.5, 107333.0, 214268.8, 221.1, 193.7, 199.5, 75.6]
[107347.8, 107456.4, 214280.3, 222.5, 212.1, 203.1, 67.4]
[107369.1, 107249.5, 214462.1, 221.6, 222.1, 234.4, 76.7]
[107078.7, 107260.9, 214614.4, 214.4, 210.1, 204.1, 73.0]
[107365.3, 107307.0, 214563.3, 225.8, 240.7, 241.4, 70.3]
[107354.7, 107277.1, 214494.9, 218.6, 213.8, 215.2, 72.3]
[107307.0, 107229.6, 214580.8, 224.9, 195.9, 200.5, 76.3]
[107075.5, 107211.8, 214478.0, 221.0, 220.9, 215.9, 75.5]
[107258.1, 107206.4, 214314.4, 217.9, 230.2, 230.2, 74.6]
[107203.7, 107232.2, 214492.4, 212.6, 217.1, 217.2, 73.0]
[107322.1, 107256.6, 214452.4, 217.6, 211.1, 222.0, 70.6]
[107125.2, 107197.6, 214221.0, 222.3, 245.2, 242.8, 72.2]
[107378.9, 107092.0, 214788.9, 223.1, 214.8, 211.7, 75.0]
[107388.4, 107385.6, 214472.4, 214.9, 200.3, 212.2, 71.1]
[107378.7, 107137.6, 214760.2, 228.8, 222.9, 225.5, 71.4]
[107292.3, 107297.2, 214269.3, 227.8, 241.7, 242.2, 72.4]
[107316.8, 107253.1, 214371.1, 221.3, 213.8, 205.3, 70.4]
[107453.8, 107163.7, 214668.9, 224.2, 233.7, 234.5, 71.7]
[107261.2, 107245.1, 214696.4, 215.5, 225.2, 227.2, 73.6]
[107231.6, 107343.1, 214457.1, 219.6, 234.3, 221.1, 68.2]
[107115.6, 107145.5, 214504.0, 220.1, 217.6, 217.0, 72.8]
[107183.3, 107060.7, 214386.0, 222.8, 246.9, 232.4, 77.4]
[107096.4, 107162.6, 214661.4, 226.6, 232.3, 234.8, 74.7]
[107265.3, 107348.0, 214442.5, 214.8, 227.8, 229.1, 80.2]
[107136.4, 107157.7, 214403.4, 209.6, 258.8, 248.6, 71.7]
[107236.4, 107194.5, 214430.5, 219.1, 211.2, 219.8, 70.8]
[107345.1, 107460.9, 214218.2, 212.4, 224.2, 220.6, 71.9]
[107362.2, 107316.0, 214240.9, 219.8, 234.3, 228.4, 72.7]
[107133.5, 107192.3, 214603.9, 219.4, 238.3, 245.6, 69.7]
[107201.3, 107289.8, 214330.1, 216.3, 215.6, 213.4, 73.4]
[107227.5, 107216.4, 214659.1, 221.3, 180.6, 175.9, 71.9]
[107213.0, 107169.4, 214576.9, 212.0, 207.9, 213.6, 73.1]
[107371.8, 107198.1, 214337.2, 221.6, 247.9, 240.4, 75.9]
[107083.6, 107392.0, 214541.8, 226.3, 227.6, 227.7, 70.5]
[107386.1, 107272.3, 214323.0, 220.6, 207.5, 214.7, 72.7]
[107375.0, 107497.2, 214315.5, 220.0, 204.2, 208.4, 78.7]
[107306.8, 107266.3, 214522.8, 229.1, 241.7, 246.5, 71.6]
[107393.6, 107204.3, 214427.5, 222.4, 224.0, 229.9, 77.3]
[107353.4, 107364.5, 214367.6, 219.5, 209.9, 211.5, 67.3]
[107277.5, 107227.3, 214407.2, 221.5, 217.7, 221.0, 72.8]
[107165.3, 107186.0, 214663.6, 226.9, 250.6, 254.3, 75.6]
[107314.0, 107193.0, 214437.5, 214.5, 204.1, 206.4, 72.2]
[107226.2, 107361.2, 214287.0, 210.8, 210.7, 219.4, 72.3]
[107310.4, 107208.4, 214497.4, 220.4, 242.2, 244.2, 71.6]
[107197.2, 107237.5, 214532.7, 223.7, 235.1, 229.0, 74.1]
[107356.0, 107229.1, 214405.7, 227.5, 239.3, 241.2, 75.0]
[107269.8, 107212.3, 214412.9, 219.1, 216.2, 202.8, 71.9]
[107278.2, 107343.3, 214323.6, 223.5, 227.6, 229.3, 72.8]
[107303.1, 107255.7, 214672.8, 211.3, 224.7, 228.8, 74.6]
[107276.3, 107097.4, 214433.9, 222.5, 236.4, 243.1, 72.0]
[107448.3, 107201.0, 214507.8, 223.9, 243.7, 237.9, 71.2]
[107171.6, 107335.3, 214240.1, 215.8, 245.3, 257.0, 78.8]
[107288.3, 107241.9, 214525.3, 219.8, 240.7, 246.9, 72.1]
[107071.3, 107437.1, 214468.5, 221.4, 198.5, 206.4, 73.9]
[107157.5, 107350.6, 214440.6, 225.4, 187.0, 182.9, 71.5]
[107336.7, 107278.1, 214449.5, 221.6, 228.5, 228.1, 68.1]
[107221.6, 107428.8, 214103.8, 218.6, 245.8, 244.5, 70.7]
[107135.0, 107348.7, 214534.8, 221.5, 231.8, 229.1, 75.5]
[107291.0, 107287.4, 214281.4, 213.8, 222.1, 225.5, 73.5]
[107173.8, 107331.8, 214489.3, 218.8, 221.2, 227.7, 69.8]
[107191.5, 107104.5, 214444.6, 219.2, 251.5, 239.4, 75.4]
[107344.0, 107294.8, 214295.7, 215.8, 245.3, 247.9, 72.9]
[107379.7, 107317.7, 214440.5, 225.1, 229.9, 231.1, 77.7]
[107258.1, 107177.6, 214559.5, 213.9, 199.8, 198.9, 73.3]
[107344.7, 107165.5, 214530.6, 220.8, 217.9, 214.9, 78.1]
[107256.5, 107166.0, 214451.3, 217.2, 207.6, 200.9, 75.3]
[107330.3, 107107.6, 214561.7, 216.9, 243.7, 261.9, 75.8]
[107563.3, 107272.2, 214435.4, 216.1, 214.0, 205.5, 77.7]
[107213.8, 107190.9, 214473.9, 221.3, 230.4, 233.1, 70.9]
[107329.2, 107078.8, 214542.6, 226.6, 231.4, 228.8, 73.6]
[107268.5, 107160.6, 214394.5, 222.4, 220.8, 226.5, 75.1]
[107191.6, 107175.8, 214510.6, 218.0, 225.6, 220.6, 74.1]
[107293.7, 107138.0, 214264.8, 216.4, 215.5, 215.7, 75.6]
[107210.6, 107262.8, 214318.4, 218.9, 215.8, 234.4, 72.8]
[107161.2, 107209.6, 214330.7, 216.6, 230.5, 240.4, 75.3]
[107396.4, 107199.6, 214244.3, 222.3, 229.4, 222.1, 71.5]
[107244.3, 107154.3, 214563.5, 211.1, 250.8, 238.7, 75.7]
[107223.4, 107096.8, 214509.8, 228.3, 230.6, 221.6, 70.6]
[107124.6, 107021.3, 214576.6, 218.2, 218.1, 225.8, 71.5]
[107296.6, 107277.2, 214809.1, 220.1, 202.3, 208.2, 71.1]
[107085.3, 107234.5, 214314.1, 221.1, 241.4, 235.6, 75.9]
[107205.4, 107208.4, 214289.2, 215.7, 227.2, 224.7, 70.5]
[107044.9, 107405.1, 214220.7, 220.2, 223.1, 207.4, 75.3]
[107402.9, 107287.0, 214628.7, 213.7, 204.0, 213.6, 74.3]
[107293.9, 107102.5, 214752.1, 217.5, 215.0, 218.7, 73.0]
[107242.3, 107403.7, 214573.6, 223.3, 196.1, 197.9, 72.0]
[107304.8, 107268.0, 214362.3, 220.9, 221.2, 225.1, 72.7]
[107057.7, 107333.6, 214491.0, 225.3, 191.8, 199.2, 75.7]
[107215.2, 107204.2, 214363.4, 218.2, 253.5, 237.5, 77.2]
[107188.6, 107214.8, 214631.4, 220.1, 225.5, 222.5, 73.2]
[107418.8, 107245.3, 214428.8, 225.7, 206.9, 208.4, 76.6]
[107270.8, 107181.1, 214647.4, 218.1, 223.4, 228.7, 70.9]
[107278.2, 107172.6, 214241.4, 227.6, 197.0, 195.1, 74.3]
[107498.4, 107257.2, 214633.1, 216.7, 264.7, 267.1, 72.3]
[107178.3, 107335.3, 214554.1, 218.0, 201.9, 202.8, 76.1]
[107325.8, 107342.0, 214310.0, 215.4, 213.7, 213.3, 67.4]
[107082.1, 107184.6, 214267.1, 217.8, 220.7, 225.1, 70.3]
[107325.3, 107219.4, 214505.4, 219.6, 208.4, 211.9, 75.0]
[107188.3, 107131.6, 214609.1, 228.6, 227.6, 229.4, 75.6]
[107243.0, 107279.2, 214692.0, 216.3, 239.2, 228.1, 71.7]
[107139.7, 107489.1, 214714.4, 219.6, 205.8, 199.8, 75.1]
[107322.5, 107116.9, 214732.0, 217.7, 219.7, 218.9, 78.2]
[107188.6, 107159.3, 214538.5, 215.2, 226.4, 229.0, 76.6]
[107365.0, 107336.1, 214451.8, 218.8, 198.1, 197.0, 72.7]
[107132.0, 107035.8, 214571.7, 221.9, 237.9, 237.8, 73.9]
[107289.0, 107319.2, 214538.5, 213.6, 245.1, 237.2, 70.2]
[107416.4, 107341.9, 214470.8, 214.4, 212.1, 200.3, 69.0]
[107192.5, 107264.5, 214516.9, 217.9, 241.9, 241.4, 77.1]
[107189.1, 107303.3, 214388.1, 221.3, 225.7, 227.3, 70.8]
[107264.6, 107225.7, 214509.9, 224.8, 207.7, 208.3, 73.6]
[107187.2, 107325.5, 214368.8, 222.1, 224.5, 215.3, 72.0]
[107314.2, 107226.4, 214451.5, 215.3, 222.1, 217.7, 79.3]
[107195.0, 107173.5, 214456.7, 229.0, 228.6, 234.6, 69.3]
[107222.2, 107267.2, 214280.5, 218.5, 214.4, 216.6, 70.9]
[107172.8, 107124.3, 214384.1, 225.1, 235.0, 242.7, 69.2]
[107120.9, 107201.2, 214462.3, 219.7, 214.4, 217.1, 77.2]
[107225.3, 107304.0, 214460.8, 219.5, 244.7, 228.9, 74.5]
[107250.1, 107388.6, 214754.9, 220.3, 207.7, 206.1, 69.1]
[107171.4, 107356.6, 214380.4, 223.8, 213.0, 224.9, 73.2]
[107245.8, 107435.5, 214573.6, 220.7, 189.3, 203.7, 76.8]
[107327.3, 107155.7, 214663.1, 219.6, 216.8, 216.0, 74.2]
[107351.7, 107281.6, 214513.4, 225.3, 216.6, 224.6, 77.5]
[107216.8, 107279.6, 214723.1, 224.2, 215.9, 212.3, 70.7]
[107343.5, 107298.7, 214547.5, 222.4, 222.8, 231.1, 73.8]
[107339.3, 107183.9, 214462.7, 211.3, 213.2, 220.8, 72.2]
[107459.6, 107168.8, 214568.2, 221.7, 242.4, 237.6, 74.3]
[107273.9, 106983.7, 214742.7, 226.0, 243.9, 243.0, 71.4]
[107351.7, 107196.9, 214372.9, 217.9, 198.2, 197.4, 67.4]
[107212.5, 107364.5, 214146.6, 215.1, 214.1, 210.6, 73.1]
[107184.1, 107397.5, 214621.7, 223.1, 225.2, 225.8, 69.5]
[107391.1, 107297.5, 214501.7, 218.8, 238.1, 234.6, 75.7]
[107224.9, 107242.8, 214548.8, 226.0, 245.5, 239.0, 78.5]
[107294.1, 107236.6, 214500.6, 220.5, 223.5, 224.0, 70.5]
[107350.5, 107049.9, 214518.0, 222.9, 202.2, 200.9, 69.7]
[107362.3, 107112.0, 214490.5, 220.2, 207.7, 207.8, 77.0]
[107191.2, 107331.9, 214550.7, 215.3, 227.4, 235.0, 75.0]
[107175.9, 107216.5, 214308.1, 218.9, 226.1, 225.0, 77.6]
[107241.3, 107287.9, 214292.0, 219.0, 247.1, 251.4, 75.5]
[107114.2, 107222.8, 214510.3, 226.4, 206.6, 207.1, 73.7]
[107130.5, 107382.1, 214306.0, 218.6, 225.4, 233.7, 73.8]
[107218.2, 107139.2, 214437.6, 224.0, 221.5, 232.6, 74.4]
[107404.7, 107328.1, 214453.5, 224.6, 185.0, 187.9, 76.8]
[107274.5, 107285.4, 214272.5, 231.3, 232.4, 233.4, 68.0]
[107322.7, 107350.1, 214564.8, 221.3, 215.0, 218.0, 74.5]
[107145.1, 107164.2, 214718.7, 215.6, 214.9, 211.8, 74.7]
[107196.2, 107500.8, 214537.4, 223.9, 235.7, 238.8, 73.6]
[107241.0, 107374.7, 214537.7, 224.8, 198.9, 196.6, 73.2]
[107324.6, 107147.1, 214579.0, 215.5, 206.3, 203.9, 74.8]
[107359.1, 107235.1, 214366.0, 216.3, 215.1, 206.1, 75.1]
[107246.5, 107243.3, 214617.0, 218.5, 210.8, 219.4, 72.9]
[107101.5, 107021.3, 214371.8, 223.4, 222.0, 227.2, 75.6]
[107105.9, 107240.9, 214394.8, 222.2, 236.0, 241.0, 73.8]
[107200.4, 107405.9, 214342.2, 210.8, 218.4, 222.1, 68.8]
[107292.5, 107299.2, 214412.4, 213.6, 226.2, 233.2, 70.3]
[107123.5, 107346.1, 214661.6, 221.9, 223.6, 225.7, 72.0]
[107158.5, 107076.1, 214421.5, 224.4, 207.4, 212.9, 73.4]
[107066.6, 107223.9, 214403.9, 223.0, 223.4, 225.3, 74.0]
[107168.4, 107326.2, 214400.5, 216.8, 209.3, 205.3, 73.2]
[107202.9, 107178.4, 214562.4, 230.4, 213.9, 212.1, 81.2]
[107049.4, 107118.0, 214514.8, 221.8, 262.1, 266.7, 75.6]
[107335.8, 107344.8, 214216.0, 219.5, 211.1, 212.0, 76.2]
[107152.7, 107113.6, 214409.3, 214.2, 226.8, 219.8, 73.2]
[107260.3, 107119.6, 214544.9, 229.9, 230.3, 237.4, 73.6]
[107208.6, 107150.9, 214491.5, 218.9, 210.3, 214.3, 69.7]
[107404.4, 107313.0, 214562.4, 224.7, 202.0, 202.8, 74.5]
[107186.1, 107186.8, 214376.8, 218.1, 226.6, 232.0, 71.8]
[107261.1, 107278.2, 214300.1, 226.3, 211.0, 211.0, 76.3]
[107475.4, 107240.2, 214808.0, 210.0, 217.6, 214.9, 71.8]
[107041.6, 107208.0, 214511.4, 225.7, 207.6, 214.2, 70.9]
[107227.6, 107145.2, 214373.7, 221.5, 258.1, 244.2, 74.7]
[107173.4, 107426.8, 214544.6, 219.6, 206.7, 198.3, 76.2]
[107226.8, 107260.7, 214577.0, 222.0, 207.3, 211.1, 70.4]
[107309.2, 107172.7, 214511.3, 229.8, 251.1, 242.9, 78.0]
[107257.8, 107232.8, 214562.2, 218.4, 193.7, 182.5, 74.9]
[107349.8, 107312.1, 214804.0, 222.2, 189.6, 189.5, 79.3]
[107219.4, 107249.5, 214202.8, 221.4, 221.2, 224.8, 80.8]
[107133.9, 107249.9, 214411.4, 222.1, 209.4, 209.0, 76.4]
[107256.7, 107277.8, 214674.3, 221.0, 222.1, 228.2, 76.4]
[107189.9, 107359.5, 214449.6, 218.7, 200.4, 199.2, 73.9]
[107467.7, 107238.5, 214359.8, 227.8, 242.4, 235.4, 71.1]
[107174.8, 107251.5, 214473.7, 215.8, 190.0, 198.4, 67.9]
[107239.9, 107180.9, 214492.0, 226.1, 214.8, 221.6, 73.8]
[107363.2, 107236.7, 214361.3, 230.9, 205.8, 202.7, 70.5]
[107338.7, 107181.7, 214574.2, 227.8, 223.9, 234.7, 68.8]
[107364.9, 107171.8, 214383.5, 220.6, 224.2, 220.9, 65.8]
[107373.9, 107330.0, 214319.6, 224.2, 213.1, 211.9, 71.8]
[107357.8, 107311.3, 214495.8, 222.6, 219.3, 218.2, 72.4]
[107187.4, 107292.0, 214701.1, 225.0, 208.5, 207.1, 74.9]
[107221.5, 107247.5, 214435.7, 222.5, 196.0, 193.9, 69.9]
[107322.7, 107280.4, 214773.1, 218.8, 205.2, 204.6, 74.8]
[107147.8, 107256.6, 214397.8, 214.2, 211.0, 205.1, 73.5]
[107272.1, 107286.1, 214305.6, 220.7, 190.1, 200.7, 70.6]
[107274.7, 107254.3, 214414.8, 211.7, 227.2, 213.5, 79.8]
[107415.1, 107260.5, 214562.4, 221.8, 218.8, 224.0, 70.3]
[107385.2, 107261.3, 214388.4, 226.0, 228.4, 222.2, 74.4]
[107335.2, 107259.8, 214396.4, 213.5, 199.9, 210.3, 73.6]
[107280.1, 107341.5, 214646.4, 225.5, 193.4, 194.4, 73.7]
[107425.0, 107224.3, 214287.6, 217.2, 203.3, 193.1, 70.8]
[107206.9, 107264.3, 214348.6, 226.8, 231.0, 241.7, 72.8]
[107046.0, 107208.1, 214502.4, 222.1, 222.8, 218.1, 74.4]
[107160.6, 107248.3, 214529.3, 219.9, 231.4, 230.2, 75.0]
[107084.2, 107203.9, 214353.6, 216.6, 243.4, 237.4, 71.9]
[107318.0, 107351.0, 214608.1, 221.0, 205.7, 198.4, 74.6]
[107441.6, 107360.6, 214506.7, 228.1, 190.1, 207.0, 73.6]
[106970.3, 107141.8, 214552.1, 229.9, 246.5, 253.9, 72.6]
[107232.7, 107194.3, 214434.6, 228.0, 250.6, 243.0, 73.4]
[107288.2, 107313.8, 214322.4, 223.9, 211.7, 212.7, 76.9]
[107243.8, 107325.5, 214703.9, 225.3, 198.1, 208.4, 77.3]
[107189.0, 107168.6, 214448.2, 226.5, 240.1, 246.7, 77.7]
[107242.7, 107353.4, 214605.4, 213.5, 215.7, 207.4, 72.0]
[107257.7, 107115.3, 214733.4, 225.8, 211.5, 201.9, 77.0]
[107167.4, 107343.9, 214560.0, 214.4, 190.9, 192.3, 73.5]
[107302.3, 107417.0, 214230.8, 230.6, 207.9, 204.8, 72.8]
[107319.6, 107130.5, 214361.0, 221.1, 220.5, 220.8, 73.3]
[107075.2, 107236.5, 214537.4, 215.4, 219.5, 222.3, 73.7]
[107292.3, 107214.2, 214459.8, 218.4, 239.1, 245.6, 73.5]
[107228.3, 107396.4, 214333.8, 225.5, 196.1, 195.8, 71.0]
[107285.3, 107350.3, 214746.1, 223.8, 208.4, 206.2, 74.7]
[107302.5, 107318.2, 214356.2, 223.4, 217.2, 215.9, 76.3]
[107435.9, 107175.6, 214520.1, 218.2, 214.8, 203.5, 67.9]
[107289.9, 107245.4, 214581.0, 217.6, 232.2, 234.3, 71.7]
[107232.1, 107192.5, 214563.4, 229.5, 206.4, 194.0, 79.6]
[107380.8, 107210.3, 214705.9, 222.9, 212.6, 212.0, 69.5]
[107201.3, 107038.5, 214448.6, 224.7, 246.3, 243.9, 71.1]
[107308.6, 107219.7, 214571.0, 220.3, 209.7, 213.0, 74.9]
[107112.0, 107220.9, 214132.6, 224.1, 234.9, 227.0, 78.1]
[107045.3, 107191.2, 214300.6, 221.8, 222.4, 228.7, 73.5]
[107282.6, 107111.3, 214219.7, 221.5, 246.7, 242.5, 75.8]
[107381.0, 107300.7, 214754.8, 212.2, 202.0, 203.5, 73.8]
[107243.4, 107359.9, 214425.9, 225.2, 215.7, 214.3, 70.1]
[107181.2, 107208.7, 214395.0, 224.8, 212.5, 216.0, 71.9]
[107137.5, 107138.4, 214450.2, 222.7, 187.2, 188.4, 71.4]
[107212.7, 107095.4, 214350.6, 228.3, 211.1, 205.2, 75.2]
[107121.2, 107298.6, 214124.7, 226.8, 243.2, 243.6, 74.2]
[107240.5, 107095.7, 214429.7, 226.8, 210.8, 214.3, 73.6]
[107251.7, 107235.4, 214479.5, 225.7, 222.8, 220.5, 72.7]
[107108.6, 107351.3, 214463.3, 221.1, 219.6, 216.3, 73.6]
[107103.0, 107165.3, 214607.7, 219.5, 212.4, 215.0, 71.8]
[107326.8, 107057.7, 214319.0, 214.6, 223.2, 226.2, 76.3]
[107246.8, 107191.1, 214775.3, 223.7, 200.2, 202.7, 75.0]
[107145.9, 107043.1, 214516.1, 218.6, 233.9, 230.9, 69.8]
[107444.6, 107392.3, 214449.0, 227.3, 232.3, 223.2, 73.9]
[107109.9, 107421.9, 214286.2, 216.1, 196.4, 197.5, 77.3]
[107338.3, 107175.5, 214556.5, 219.2, 214.0, 208.9, 76.0]
[107160.1, 107301.8, 214791.6, 211.7, 228.6, 223.7, 75.4]
[107333.6, 107360.2, 214614.6, 219.9, 234.5, 233.5, 74.5]
[107201.1, 107314.9, 214459.1, 220.3, 244.2, 235.0, 74.3]
[107092.8, 107363.9, 214769.9, 211.9, 201.0, 195.1, 71.8]
[107335.1, 107207.3, 214662.8, 227.8, 236.3, 235.5, 69.7]
[107454.6, 107151.0, 214513.2, 224.5, 234.6, 233.3, 78.5]
[107295.9, 107395.5, 214500.3, 221.0, 225.0, 226.9, 76.8]
[107237.2, 107318.7, 214745.3, 222.3, 230.1, 215.2, 75.2]
[107120.9, 107138.8, 214283.1, 220.6, 246.9, 249.1, 74.5]
[107381.6, 107395.1, 214329.3, 224.8, 224.2, 207.6, 73.2]
[107265.1, 107201.0, 214599.8, 227.7, 240.5, 230.6, 75.0]
[106926.0, 107329.3, 214576.6, 212.6, 242.6, 241.5, 75.4]
[107046.8, 107244.4, 214388.6, 223.2, 236.8, 244.4, 71.6]
[107161.7, 107226.0, 214690.0, 220.4, 203.6, 210.2, 73.1]
[107109.3, 107457.9, 214329.4, 221.6, 242.2, 232.0, 74.0]
[107220.6, 107239.5, 214595.4, 223.6, 230.3, 223.0, 73.3]
[107361.3, 107222.3, 214565.7, 219.4, 192.4, 188.7, 75.6]
[107338.7, 107343.3, 214385.6, 227.4, 239.3, 236.9, 72.9]
[107345.2, 107287.7, 214572.3, 223.9, 212.6, 222.3, 73.1]
[106943.9, 107043.7, 214180.5, 221.2, 242.4, 253.2, 78.1]
[107374.6, 107378.6, 214290.2, 212.6, 199.7, 192.6, 75.5]
[107134.3, 107277.7, 214478.8, 215.9, 242.1, 254.4, 73.4]
[107218.6, 107323.1, 214278.9, 225.9, 258.8, 257.9, 75.3]
[107111.2, 107161.6, 214564.8, 227.1, 244.4, 232.9, 73.1]
[107158.8, 107067.3, 214551.3, 216.9, 202.6, 205.9, 68.9]
[107191.5, 107164.8, 214159.5, 234.0, 213.8, 219.4, 74.0]
[107214.3, 107397.4, 214505.5, 216.9, 211.0, 207.6, 77.9]
[107081.1, 107407.1, 214781.8, 212.3, 216.4, 220.9, 76.0]
[107214.2, 107099.1, 214237.2, 221.8, 222.0, 221.6, 72.2]
[107357.3, 107267.2, 214622.7, 214.9, 211.9, 215.1, 75.2]
[107026.6, 107203.2, 214313.5, 212.9, 264.3, 258.5, 75.9]
[107377.8, 107368.0, 214467.1, 222.5, 223.3, 218.8, 72.4]
[107134.5, 107361.3, 214326.5, 217.3, 233.0, 224.6, 81.2]
[107076.1, 107330.8, 214722.0, 226.1, 195.1, 195.7, 74.7]
[107303.4, 107488.5, 214448.8, 217.7, 208.9, 210.2, 73.3]
[107250.0, 107321.5, 214612.9, 220.7, 178.2, 185.2, 68.6]
[107330.5, 107247.2, 214514.0, 226.2, 213.0, 225.6, 78.2]
[107118.3, 107149.4, 214508.6, 225.1, 203.7, 210.2, 76.1]
[107401.8, 107311.3, 214400.4, 215.7, 209.8, 209.0, 74.8]
[107319.2, 107083.4, 214191.0, 223.6, 183.9, 185.6, 79.5]
[107106.3, 107095.0, 214641.9, 215.8, 231.0, 234.8, 74.5]
[107375.7, 107256.5, 214517.2, 232.7, 224.6, 218.7, 79.6]
[107069.6, 106989.9, 214444.7, 221.6, 214.9, 233.3, 77.1]
[107273.6, 107239.1, 214438.5, 223.8, 225.9, 216.1, 69.4]
[107116.7, 107098.9, 214370.7, 219.8, 223.8, 226.1, 77.1]
[107307.5, 107066.3, 214481.7, 224.1, 233.1, 237.5, 75.8]
[107350.7, 107218.4, 214513.2, 222.2, 213.3, 210.7, 75.5]
[107373.1, 107234.4, 214307.7, 220.8, 219.1, 225.9, 74.5]
[107220.3, 107237.8, 214582.0, 215.5, 229.5, 229.3, 70.7]
[107347.4, 107197.0, 214449.6, 223.3, 208.6, 197.0, 73.2]
[107339.8, 107167.5, 214437.1, 224.1, 225.9, 214.1, 75.0]
[107264.2, 107143.5, 214555.3, 222.7, 195.3, 198.8, 74.3]
[107199.0, 107403.1, 214489.3, 220.0, 204.3, 204.1, 73.1]
[107362.1, 107144.8, 214383.4, 221.0, 244.9, 238.4, 76.6]
[107170.7, 107114.5, 214563.8, 212.3, 234.2, 228.6, 67.0]
[107337.6, 107090.8, 214433.1, 220.0, 240.2, 237.8, 70.4]
[107371.6, 107295.8, 214428.1, 229.7, 238.5, 248.0, 75.5]
[107300.2, 107206.5, 214412.0, 233.8, 238.3, 250.0, 70.9]
[107228.0, 107231.4, 214397.6, 225.4, 190.4, 185.8, 71.6]
[107242.8, 107293.9, 214247.8, 224.4, 218.2, 214.3, 69.0]
[107266.6, 107168.9, 214434.2, 222.8, 216.7, 221.4, 68.8]
[107260.7, 107298.8, 214727.2, 217.6, 184.8, 197.0, 73.9]
[107430.2, 107268.3, 214502.6, 224.4, 223.0, 223.6, 77.0]
[107333.4, 107385.4, 214600.9, 224.4, 230.0, 226.0, 75.1]
[107461.3, 107279.7, 214331.1, 218.5, 250.2, 260.5, 70.0]
[107302.7, 107351.9, 214485.1, 222.1, 251.9, 250.9, 74.9]
[107035.4, 107209.7, 214626.3, 218.6, 221.4, 214.1, 71.3]
[107465.8, 107110.1, 214544.4, 215.3, 227.9, 226.8, 75.1]
[107101.8, 107334.4, 214589.8, 219.8, 213.4, 204.8, 70.9]
[107142.5, 107290.8, 214453.4, 219.4, 230.1, 230.1, 72.6]
[107325.2, 107229.9, 214590.4, 232.0, 219.6, 213.0, 74.0]
[107329.7, 107288.4, 214383.5, 212.0, 187.6, 192.9, 73.3]
[107187.1, 107139.3, 214435.4, 221.0, 223.8, 217.5, 74.3]
[107333.7, 107237.5, 214535.1, 223.0, 234.5, 225.6, 71.8]
[107236.1, 107134.3, 214509.1, 219.6, 208.3, 208.2, 71.7]
[107144.5, 107278.9, 214559.2, 217.9, 239.0, 239.9, 75.8]
[107170.1, 107315.8, 214580.3, 218.9, 228.2, 218.8, 78.2]
[107110.4, 107203.9, 214289.0, 228.3, 238.1, 234.5, 75.5]
[107182.1, 107200.9, 214438.8, 228.9, 207.9, 211.4, 77.1]
[107374.2, 107372.0, 214336.8, 223.6, 211.9, 216.3, 76.1]
[107309.2, 107156.5, 214473.8, 227.2, 230.1, 223.0, 73.3]
[107200.9, 107160.9, 214634.4, 229.7, 244.1, 251.6, 73.9]
[107181.3, 107268.1, 214359.3, 214.7, 228.3, 212.5, 77.1]
[107308.4, 107108.5, 214501.5, 220.5, 235.6, 249.7, 74.2]
[107252.4, 107162.6, 214191.7, 213.8, 251.8, 233.9, 77.3]
[107282.5, 107352.4, 214242.9, 220.6, 245.1, 240.9, 73.7]
[107238.8, 107098.7, 214301.4, 219.3, 241.5, 239.2, 74.8]
[107012.7, 107338.0, 214411.0, 221.3, 229.1, 222.8, 74.8]
[107256.7, 107220.9, 214106.8, 220.6, 224.8, 225.9, 78.4]
[107220.9, 107174.8, 214390.5, 218.3, 229.1, 231.9, 75.7]
[107100.6, 107287.3, 214194.7, 224.7, 223.0, 210.5, 72.0]
[107302.8, 107293.5, 214590.9, 213.5, 208.7, 208.4, 70.7]
[107286.9, 107271.2, 214179.7, 224.8, 219.0, 223.0, 71.8]
[107310.7, 107298.5, 214448.2, 220.4, 208.6, 216.1, 77.3]
[107281.2, 107279.7, 214412.2, 215.1, 187.3, 183.9, 70.4]
[107182.2, 107195.5, 214651.6, 225.3, 233.0, 225.0, 77.4]
[107185.7, 107186.1, 214494.7, 220.3, 200.6, 198.1, 78.1]
[107324.1, 107244.6, 214363.0, 222.3, 224.9, 223.5, 72.5]
[107451.4, 107196.5, 214468.1, 220.1, 200.6, 198.9, 72.6]
[107157.6, 107163.7, 214701.9, 220.1, 225.4, 222.6, 74.2]
[107504.2, 107210.2, 214417.0, 217.3, 225.6, 218.4, 74.2]
[107198.8, 107194.4, 214413.9, 212.4, 265.7, 260.8, 79.7]
[107054.3, 107186.2, 214431.7, 226.3, 247.3, 255.4, 72.4]
[107214.3, 107280.4, 214525.4, 224.2, 210.1, 211.2, 77.1]
[107028.3, 107166.2, 214557.2, 235.8, 205.8, 203.2, 72.6]
[107038.7, 107156.0, 214436.5, 218.3, 220.4, 228.5, 74.6]
[107181.1, 107392.6, 214340.8, 219.2, 243.8, 253.1, 68.1]
[107244.0, 107161.3, 214562.8, 215.9, 222.0, 216.6, 75.8]
[107338.7, 107198.0, 214765.9, 227.6, 199.2, 205.3, 72.7]
[107246.0, 107351.7, 214340.1, 216.6, 202.7, 209.8, 73.6]
[107224.4, 107067.4, 214371.7, 215.7, 233.3, 245.3, 73.6]
[107106.5, 107180.8, 214246.7, 211.6, 214.5, 214.1, 70.4]
[107189.3, 107178.4, 214529.5, 216.9, 201.5, 191.7, 69.3]
[107349.1, 107227.3, 214774.0, 217.1, 218.7, 220.5, 75.3]
[107401.0, 107234.6, 214398.1, 216.9, 213.6, 217.2, 74.6]
[107318.4, 107177.7, 214283.6, 227.7, 242.6, 234.4, 74.7]
[107139.4, 107422.3, 214461.6, 220.3, 207.1, 210.0, 74.5]
[107205.4, 107307.5, 214524.2, 216.5, 221.1, 224.4, 69.8]
[107269.9, 107191.3, 214758.1, 227.1, 190.6, 193.5, 73.1]
[107389.8, 107248.3, 214265.1, 222.1, 238.9, 240.1, 69.2]
[107150.3, 107091.0, 214193.2, 218.2, 218.4, 211.4, 74.1]
[107309.7, 107239.9, 214640.9, 213.8, 217.7, 223.0, 72.6]
[107359.7, 107377.7, 214619.1, 229.4, 192.3, 191.4, 74.6]
[107225.4, 107314.0, 214243.3, 218.0, 241.8, 240.3, 74.0]
[107272.8, 107167.2, 214566.1, 220.5, 207.2, 216.7, 74.9]
[107271.9, 107148.1, 214375.4, 219.7, 258.7, 248.8, 73.5]
[107179.8, 107138.9, 214313.2, 223.3, 222.4, 223.9, 80.7]
[107229.2, 107252.5, 214564.9, 220.3, 236.2, 239.1, 71.5]
[107233.7, 107548.7, 214620.6, 225.5, 206.2, 206.3, 75.3]
[107306.1, 107084.4, 214488.9, 225.0, 211.3, 212.3, 73.4]
[107329.5, 107396.0, 214487.7, 224.0, 209.2, 210.8, 75.7]
[107078.8, 107142.1, 214251.5, 217.8, 234.0, 231.6, 70.6]
[107397.2, 107144.5, 214346.4, 215.9, 210.7, 226.3, 72.1]
[107154.5, 107195.1, 214537.3, 218.1, 191.0, 184.7, 73.1]
[107261.0, 107523.7, 214759.6, 216.3, 194.4, 194.0, 76.4]
[107332.5, 107358.9, 214567.2, 216.9, 184.9, 189.1, 69.9]
[107206.0, 107179.2, 214484.6, 221.2, 205.8, 203.9, 75.3]
[107385.8, 107246.5, 214429.7, 217.7, 219.7, 237.6, 72.1]
[107245.7, 107133.5, 214554.6, 219.8, 239.1, 231.8, 76.2]
[107173.6, 107212.5, 214317.6, 220.0, 246.1, 244.4, 71.8]
[107158.8, 107286.9, 214421.0, 221.9, 190.8, 193.4, 73.3]
[107130.5, 107194.0, 214583.2, 218.5, 236.1, 233.2, 76.7]
[107313.3, 107288.3, 214524.3, 219.8, 240.4, 233.8, 72.7]
[107309.5, 107260.1, 214212.3, 216.2, 216.4, 216.1, 71.4]
[107193.2, 107251.7, 214698.4, 222.4, 210.2, 212.5, 67.5]
[107311.8, 107197.0, 214566.8, 218.1, 241.3, 247.1, 74.9]
[107237.3, 107386.6, 214300.5, 220.2, 201.6, 203.0, 75.5]
[107233.6, 107471.2, 214660.6, 224.9, 214.5, 200.8, 75.5]
[107324.3, 107332.0, 214322.9, 218.5, 219.3, 213.7, 73.6]
[107299.7, 107178.0, 214327.1, 219.5, 214.6, 216.5, 76.5]
[107245.2, 107249.1, 214585.6, 219.7, 219.1, 217.0, 71.2]
[107309.7, 107282.3, 214220.8, 219.0, 223.9, 224.8, 74.4]
[107361.8, 107148.9, 214687.6, 214.1, 224.6, 229.2, 74.3]
[107042.3, 107211.6, 214344.8, 218.4, 216.5, 221.8, 75.0]
[107324.4, 107123.9, 214468.7, 218.0, 232.8, 227.8, 75.9]
[107172.9, 107190.1, 214375.0, 220.2, 200.4, 198.2, 75.2]
[107368.1, 107203.2, 214600.6, 215.8, 216.0, 216.3, 72.2]
[107284.4, 107305.0, 214472.7, 213.3, 189.8, 184.8, 62.5]
[107057.4, 107296.6, 214366.8, 221.8, 213.8, 213.3, 76.0]
[107322.0, 107275.4, 214537.4, 222.9, 232.6, 233.5, 73.4]
[106993.3, 107383.6, 214383.0, 223.2, 224.8, 229.0, 76.8]
[107141.3, 107316.3, 214386.2, 222.4, 209.5, 215.5, 76.8]
[107313.8, 107286.4, 214498.1, 222.5, 213.6, 199.1, 75.3]
[107133.0, 107296.7, 214464.7, 227.9, 220.3, 227.9, 73.6]
[107441.2, 107215.5, 214652.2, 218.9, 221.0, 216.3, 74.5]
[107120.3, 107303.8, 214274.7, 214.3, 204.7, 214.8, 72.8]
[107352.6, 107352.7, 214592.5, 217.0, 195.3, 197.9, 78.9]
[107259.1, 107347.1, 214387.8, 215.0, 246.5, 243.6, 75.5]
[107304.6, 107248.7, 214625.2, 220.9, 196.3, 205.7, 77.6]
[107120.6, 107221.5, 214549.5, 225.5, 216.2, 217.8, 73.4]
[107189.5, 107321.0, 214402.2, 229.7, 232.0, 230.0, 70.3]
[107317.3, 107412.3, 214323.4, 225.2, 176.2, 186.5, 72.8]
[107293.3, 106988.5, 214570.9, 222.6, 186.5, 193.6, 71.2]
[107304.7, 107378.0, 214688.7, 220.6, 223.8, 217.9, 69.7]
[107329.8, 107220.9, 214295.2, 221.0, 198.9, 196.4, 76.2]
[107123.9, 107237.1, 214494.4, 224.0, 196.2, 209.7, 71.6]
[107308.2, 107596.4, 214623.4, 223.9, 202.9, 205.8, 77.2]
[107263.2, 107245.0, 214188.6, 221.9, 246.5, 247.0, 70.9]
[107340.9, 107335.5, 214313.2, 228.3, 194.5, 193.4, 74.3]
[107200.1, 107303.7, 214093.6, 218.1, 244.0, 239.5, 77.3]
[107310.2, 107089.8, 214389.6, 222.3, 178.2, 177.7, 76.6]
[107177.3, 107188.2, 214391.0, 218.6, 251.3, 239.7, 71.4]
[107177.9, 107586.9, 214346.9, 222.8, 229.0, 220.2, 75.9]
[107168.3, 107093.1, 214644.2, 214.7, 177.5, 179.9, 77.1]
[107251.1, 107257.0, 214529.1, 223.9, 224.0, 222.7, 76.5]
[107103.6, 107245.2, 214244.7, 220.0, 247.5, 258.0, 74.0]
[107161.2, 107242.2, 214301.8, 226.7, 226.8, 224.0, 77.3]
[107394.5, 107242.8, 214570.4, 213.7, 218.0, 218.3, 71.0]
[107051.0, 107444.4, 214587.1, 217.1, 214.6, 219.3, 72.3]
[107152.2, 106951.3, 214366.1, 216.1, 213.8, 208.5, 73.2]
[107183.7, 107359.3, 214422.7, 221.0, 205.2, 205.7, 74.9]
[107389.8, 107308.6, 214287.7, 220.2, 207.2, 189.8, 72.6]
[107217.1, 107225.1, 214783.6, 217.2, 229.5, 225.9, 79.1]
[107376.5, 107387.8, 214485.5, 222.9, 214.9, 204.4, 73.7]
[107177.9, 107326.8, 214375.2, 218.2, 225.4, 222.3, 76.7]
[107157.2, 107302.3, 214483.7, 214.6, 192.3, 195.2, 75.1]
[107389.4, 107106.0, 214284.4, 226.1, 225.2, 219.3, 75.4]
[107215.3, 107148.5, 214559.3, 218.4, 243.3, 236.8, 79.2]
[107140.4, 107402.4, 214714.8, 220.2, 230.1, 227.3, 71.4]
[107408.6, 107014.6, 214458.8, 227.5, 210.6, 208.9, 74.6]
[107220.6, 107311.4, 214288.9, 219.9, 198.3, 199.6, 74.7]
[107143.4, 107157.8, 214586.5, 217.4, 230.1, 227.7, 70.4]
[107304.5, 107252.1, 214355.2, 214.9, 207.9, 201.0, 72.6]
[107228.6, 107268.0, 214458.4, 218.0, 214.2, 207.0, 73.1]
[107226.3, 107314.5, 214491.2, 226.8, 207.0, 211.1, 70.5]
[107268.1, 107319.4, 214620.3, 231.1, 199.8, 195.2, 76.0]
[107223.5, 107248.0, 214525.2, 218.6, 210.5, 207.4, 73.9]
[107374.0, 107201.6, 214571.1, 223.4, 180.7, 189.3, 71.6]
[107170.2, 107128.0, 214431.6, 224.7, 208.8, 207.7, 70.4]
[107154.0, 107339.5, 214542.3, 226.1, 224.7, 223.3, 74.4]
[107173.8, 107148.1, 214372.3, 220.6, 248.5, 254.7, 74.1]
[107240.3, 107211.9, 214461.7, 223.1, 222.1, 222.7, 72.1]
[107200.9, 107283.6, 214691.4, 223.4, 205.4, 204.9, 75.2]
[107375.0, 107357.9, 214556.3, 228.5, 205.3, 208.4, 77.9]
[107117.3, 107221.3, 214409.5, 227.4, 195.9, 204.1, 72.1]
[107255.3, 107238.3, 214517.1, 215.8, 222.1, 220.3, 77.3]
[107389.2, 107248.1, 214204.3, 226.1, 223.0, 228.9, 72.8]
[107082.2, 107257.0, 214481.3, 222.5, 216.3, 227.5, 77.5]
[107211.6, 107157.9, 214550.6, 214.4, 212.1, 214.4, 78.9]
[107364.7, 107184.7, 214387.5, 217.8, 221.6, 209.2, 73.0]
[107237.7, 107205.5, 214565.1, 227.9, 196.5, 200.5, 73.0]
[107131.9, 107298.5, 214665.6, 215.9, 230.2, 226.1, 72.8]
[107228.1, 107247.8, 214302.1, 218.0, 215.2, 217.1, 77.3]
[107212.7, 107305.9, 214382.9, 222.4, 228.0, 222.0, 68.6]
[107296.1, 107157.3, 214401.8, 224.1, 254.6, 242.0, 72.0]
[107392.5, 107234.6, 214184.1, 217.1, 243.1, 253.0, 70.4]
[107349.4, 107439.1, 214541.6, 216.2, 177.6, 184.3, 78.4]
[107236.8, 107079.7, 214567.2, 231.2, 216.7, 222.9, 74.1]
[107311.8, 107261.3, 214327.4, 227.1, 216.7, 214.6, 74.6]
[107064.6, 107295.1, 214245.8, 224.2, 229.5, 223.8, 69.9]
[107235.2, 107392.5, 214303.1, 216.4, 213.6, 212.3, 72.0]
[107394.2, 107303.0, 214561.4, 225.0, 205.6, 208.2, 72.3]
[107284.6, 107225.3, 214286.0, 214.0, 245.6, 250.7, 72.5]
[107185.5, 107194.6, 214772.2, 227.4, 222.5, 225.3, 73.2]
[107265.0, 107346.6, 214568.0, 219.4, 210.9, 203.0, 70.3]
[107108.4, 107032.1, 214539.5, 225.0, 217.1, 222.3, 70.4]
[107039.3, 107228.8, 214555.8, 214.6, 229.7, 237.7, 71.8]
[107138.7, 107073.0, 214440.6, 222.1, 222.2, 219.1, 78.0]
[107140.1, 107170.1, 214395.5, 222.8, 215.2, 208.9, 76.9]
[107300.2, 107342.6, 214682.5, 214.7, 220.6, 223.0, 74.4]
[107345.2, 107242.7, 214521.5, 223.4, 234.5, 227.1, 73.2]
[107334.3, 107346.8, 214510.9, 225.6, 227.7, 219.6, 76.8]
[107264.5, 107287.7, 214332.9, 222.1, 243.3, 242.5, 70.6]
[107239.5, 107196.2, 214467.9, 223.1, 247.6, 245.4, 72.5]
[107298.2, 107223.6, 214549.5, 219.4, 205.4, 196.6, 76.3]
[107148.1, 107309.7, 214585.8, 219.8, 251.4, 240.8, 77.5]
[107238.0, 107230.5, 214469.1, 211.3, 241.3, 228.1, 76.1]
[107048.4, 107336.4, 214400.4, 218.4, 217.9, 220.8, 73.0]
[107322.2, 107372.7, 214369.1, 221.0, 192.6, 194.8, 70.8]
[107230.3, 107333.6, 214477.5, 224.9, 240.0, 233.7, 72.8]
[107283.7, 107343.2, 214341.8, 228.7, 226.8, 238.6, 72.4]
[107238.1, 107147.9, 214400.7, 225.1, 205.8, 207.4, 75.0]
[107227.8, 107088.6, 214495.5, 221.3, 223.8, 219.8, 70.7]
[107330.5, 107254.0, 214566.5, 221.7, 228.1, 223.8, 75.7]
[106934.0, 107337.9, 214508.1, 205.6, 253.2, 241.6, 71.0]
[107253.5, 107117.7, 214271.3, 230.6, 216.7, 223.0, 78.6]
[107255.1, 107205.3, 214430.2, 218.8, 222.8, 221.9, 76.2]
[107212.4, 107182.7, 214451.0, 217.4, 241.5, 230.9, 72.9]
[107205.2, 107147.6, 214410.3, 225.9, 240.6, 229.2, 69.7]
[107609.6, 107359.7, 214436.7, 220.2, 211.4, 198.0, 73.0]
[107394.7, 107242.1, 214497.9, 220.3, 237.9, 236.8, 73.3]
[107334.6, 107228.2, 214586.2, 214.0, 188.2, 186.8, 69.5]
[107385.2, 107236.7, 213975.8, 224.6, 230.4, 225.0, 71.4]
[107225.7, 107296.1, 214412.9, 218.1, 208.0, 203.7, 72.5]
[107296.8, 107233.8, 214695.2, 222.1, 215.6, 222.4, 69.1]
[107175.5, 107247.9, 214050.6, 221.2, 213.3, 213.6, 74.9]
[107304.9, 107135.7, 214458.8, 218.0, 217.4, 217.1, 77.1]
[107301.8, 107169.0, 214755.1, 210.9, 245.8, 241.9, 75.1]
[107168.8, 107236.9, 214601.5, 223.3, 229.7, 228.9, 72.9]
[107323.4, 107136.6, 214350.8, 219.4, 213.1, 209.7, 81.6]
[107174.4, 107097.0, 214480.5, 217.0, 223.1, 230.5, 74.4]
[107219.3, 107177.8, 214416.9, 216.9, 220.8, 233.7, 74.0]
[107076.0, 107268.2, 214648.2, 219.4, 212.8, 211.1, 71.6]
[107289.3, 107137.6, 214567.7, 217.6, 198.4, 187.5, 74.8]
[107169.4, 107439.5, 214649.8, 219.6, 188.3, 198.5, 71.1]
[107341.1, 107473.2, 214595.3, 224.7, 217.0, 218.6, 73.0]
[107201.6, 107305.4, 214281.0, 222.7, 208.9, 218.5, 76.4]
[107308.5, 107187.8, 214367.4, 212.7, 226.0, 224.0, 74.1]
[107207.6, 107309.1, 214541.4, 213.5, 205.7, 201.1, 71.4]
[107171.3, 107061.4, 214489.4, 220.0, 251.4, 260.5, 75.2]
[107368.7, 107171.3, 214438.8, 216.4, 252.5, 247.4, 75.1]
[107426.1, 107381.9, 214662.7, 224.4, 226.5, 229.1, 72.0]
[107349.0, 107329.6, 214429.3, 214.8, 197.7, 199.2, 73.2]
[107271.8, 107250.4, 214601.1, 208.6, 229.0, 229.6, 76.1]
[107178.0, 107525.0, 214634.8, 217.5, 183.7, 187.8, 78.5]
[107372.7, 107089.7, 214437.4, 216.7, 238.8, 248.7, 73.2]
[107238.5, 107436.8, 214623.1, 215.7, 219.3, 220.5, 70.5]
[107396.2, 107145.6, 214393.8, 226.4, 229.0, 225.7, 76.0]
[107077.7, 107481.5, 214500.2, 219.9, 200.6, 197.1, 72.9]
[107293.2, 107169.7, 214473.5, 222.9, 214.6, 207.9, 72.5]
[107133.6, 107217.7, 214560.8, 226.1, 197.0, 206.5, 73.4]
[107415.9, 107213.1, 214287.2, 218.7, 202.0, 214.6, 73.8]
[107319.0, 107255.6, 214689.7, 219.8, 212.6, 216.3, 73.9]
[107262.4, 107218.5, 214191.8, 216.3, 236.6, 239.8, 75.9]
[107185.9, 107144.5, 214452.0, 221.1, 219.8, 227.8, 78.4]
[107241.2, 107289.6, 214480.8, 221.4, 214.4, 209.4, 75.9]
[107116.4, 107163.5, 214338.1, 225.6, 223.8, 224.6, 74.2]
[107241.9, 107330.4, 214384.7, 217.0, 241.4, 237.5, 76.2]
[107335.5, 107232.4, 214471.7, 216.4, 219.8, 218.9, 73.1]
[107071.8, 107104.6, 214392.3, 217.3, 238.4, 245.1, 75.8]
[107320.8, 107277.0, 214267.7, 217.9, 243.7, 240.6, 69.8]
[107211.1, 107374.4, 214506.1, 219.8, 219.6, 220.2, 72.5]
[107243.7, 107150.1, 214530.1, 223.3, 190.9, 183.9, 76.0]
[107252.4, 107256.4, 214574.9, 218.9, 225.0, 222.0, 73.8]
[107230.2, 107067.5, 214518.7, 227.7, 215.5, 214.6, 72.2]
[107212.2, 107151.7, 214446.0, 218.1, 221.6, 222.8, 76.6]
[107381.9, 107155.0, 214663.6, 215.6, 214.4, 213.8, 75.4]
[107372.3, 107322.5, 214583.7, 229.1, 217.3, 220.4, 70.2]
[107368.6, 107243.3, 214740.4, 217.1, 191.5, 180.9, 75.8]
[107283.4, 107268.7, 214349.5, 221.2, 234.1, 236.9, 76.2]
[107151.0, 107143.5, 214422.0, 220.5, 218.0, 219.0, 78.5]
[107183.6, 107203.4, 214534.1, 228.4, 194.5, 207.5, 72.8]
[106997.3, 107192.9, 214484.2, 225.0, 248.1, 251.4, 70.4]
[107199.1, 107222.2, 214439.4, 225.6, 224.9, 224.6, 74.7]
[107094.7, 107207.3, 214497.4, 213.5, 222.7, 217.5, 74.9]
[107335.7, 107283.6, 214554.2, 220.2, 225.9, 225.9, 73.0]
[107437.2, 107195.8, 214479.9, 214.1, 224.0, 220.4, 74.5]
[107096.9, 107144.6, 214662.6, 217.4, 193.1, 194.3, 71.5]
[107159.4, 107317.6, 214535.9, 222.6, 233.8, 236.3, 76.8]
[107027.4, 107156.6, 214406.4, 226.0, 222.2, 210.8, 75.9]
[107235.0, 107114.9, 214573.9, 220.7, 230.3, 223.9, 74.3]
[107197.8, 107301.1, 214270.1, 223.9, 227.9, 222.0, 76.8]
[107354.8, 107089.5, 214434.9, 218.0, 250.1, 239.8, 76.1]
[107267.3, 107308.4, 214301.5, 217.4, 197.3, 203.3, 79.6]
[107294.2, 107127.2, 214475.0, 219.0, 202.7, 213.7, 69.1]
[107333.9, 107262.7, 214597.1, 216.7, 190.6, 191.4, 76.5]
[107195.0, 107518.6, 214613.7, 211.9, 200.2, 197.4, 73.1]
[107121.7, 107197.2, 214470.0, 220.5, 239.5, 236.8, 71.8]
[107107.6, 107346.3, 214497.5, 225.2, 241.3, 238.5, 75.3]
[107183.1, 107149.1, 214323.0, 222.4, 244.9, 249.4, 73.6]
[107279.4, 107093.5, 214568.7, 227.3, 220.7, 208.8, 72.4]
[107234.7, 107178.9, 214379.2, 224.3, 225.9, 238.3, 74.3]
[107219.5, 107202.8, 214433.8, 219.5, 233.9, 231.5, 75.9]
[107035.9, 106984.1, 214296.1, 220.5, 256.3, 258.5, 76.5]
[107240.4, 107339.8, 214526.9, 221.9, 196.5, 202.0, 75.0]
[107104.2, 107291.9, 214478.5, 225.5, 220.4, 223.3, 69.5]
[107230.6, 107341.9, 214668.4, 217.9, 206.1, 205.8, 72.7]
[107307.6, 107344.0, 214283.4, 222.0, 218.1, 221.8, 74.3]
[107455.6, 107233.7, 214255.7, 215.2, 190.1, 188.3, 74.2]
[107149.7, 107304.4, 214493.4, 227.2, 207.5, 205.5, 74.4]
[107267.7, 107128.1, 214538.4, 221.5, 205.5, 200.7, 74.9]
[107226.1, 107089.7, 214559.1, 228.3, 219.6, 225.6, 77.2]
[107170.6, 107318.7, 214647.9, 219.8, 223.5, 210.0, 73.5]
[107348.5, 107361.2, 214460.5, 214.5, 206.0, 205.4, 72.1]
[107302.3, 107227.4, 214283.3, 218.7, 228.8, 229.1, 73.8]
[107275.9, 107210.2, 214353.7, 219.8, 211.7, 203.4, 73.1]
[107288.8, 107323.6, 214351.4, 223.5, 213.9, 211.0, 79.0]
[107279.2, 107268.5, 214490.7, 219.8, 246.2, 237.3, 74.1]
[107354.3, 107341.0, 214574.3, 221.3, 221.3, 228.0, 75.5]
[107280.4, 107229.4, 214346.7, 218.5, 203.2, 202.9, 72.3]
[107197.5, 107514.4, 214521.6, 229.0, 227.5, 226.9, 77.3]
[107250.6, 107151.5, 214251.3, 219.0, 203.9, 205.9, 74.5]
[107282.2, 107322.9, 214464.9, 213.8, 259.0, 246.5, 79.0]
[106992.6, 107291.2, 214590.4, 228.6, 217.7, 211.1, 75.8]
[107307.3, 106965.0, 214363.3, 222.2, 234.2, 235.9, 72.6]
[107198.0, 107406.3, 214326.7, 215.4, 246.7, 238.1, 71.2]
[107235.3, 107154.9, 214583.3, 227.4, 202.3, 215.5, 73.4]
[107173.3, 107312.9, 214288.5, 220.7, 246.6, 252.1, 72.8]
[107274.9, 107278.9, 214358.4, 227.9, 210.5, 217.5, 69.8]
[107229.2, 107159.9, 214288.7, 226.7, 225.0, 223.7, 72.5]
[107206.8, 107200.3, 214127.8, 221.7, 209.2, 205.5, 72.6]
[107122.1, 107127.3, 214686.0, 223.8, 187.8, 194.1, 72.0]
[107188.6, 107237.9, 214549.5, 219.2, 249.8, 248.4, 77.0]
[107223.6, 107323.9, 214394.3, 225.6, 234.9, 232.2, 72.8]
[107243.5, 107318.2, 214358.7, 218.6, 217.6, 219.2, 77.4]
[107270.1, 107298.5, 214325.4, 213.6, 224.9, 237.4, 78.6]
[107185.2, 107407.8, 214485.2, 221.4, 226.5, 228.7, 70.1]
[107171.4, 107217.8, 214467.1, 211.5, 209.9, 219.5, 72.6]
[107333.7, 107218.7, 214482.2, 225.6, 232.1, 231.3, 74.4]
[107189.6, 107142.4, 214169.2, 219.0, 227.7, 224.7, 75.2]
[107267.5, 107347.9, 214596.8, 222.1, 219.5, 213.6, 74.1]
[107317.5, 107145.6, 214479.8, 219.9, 217.2, 227.4, 76.0]
[107191.0, 107332.9, 214499.2, 223.1, 227.0, 234.2, 73.9]
[107179.0, 106997.3, 214476.2, 222.5, 214.9, 224.2, 78.0]
[107166.2, 107174.7, 214675.3, 217.6, 235.1, 235.0, 73.2]
[107209.8, 107237.1, 214251.8, 218.1, 230.4, 229.1, 77.5]
[107370.9, 107174.1, 214633.1, 221.3, 243.5, 243.3, 71.5]
[107239.8, 107200.8, 214740.8, 217.7, 186.4, 194.9, 76.4]
[107169.7, 107223.8, 214232.6, 229.8, 208.1, 216.7, 73.2]
[107381.5, 107247.6, 214469.6, 228.0, 213.3, 211.4, 74.2]
[107316.0, 107177.4, 214363.3, 215.9, 260.9, 255.3, 76.5]
[107148.5, 107235.6, 214222.2, 216.9, 260.3, 260.5, 77.3]
[107207.3, 107095.4, 214629.0, 224.6, 218.4, 221.1, 79.1]
[107240.6, 107203.0, 214160.9, 218.9, 224.7, 211.9, 68.9]
[107137.1, 107176.3, 214432.4, 226.5, 225.3, 234.0, 73.6]
[107155.8, 107233.5, 214494.6, 223.8, 242.1, 243.2, 77.4]
[107230.9, 107325.6, 214532.3, 214.3, 200.0, 213.3, 74.2]
[107136.6, 107110.4, 214279.6, 221.8, 266.2, 263.2, 73.8]
[107150.1, 107248.5, 214238.2, 224.7, 227.3, 235.6, 70.8]
[107182.6, 107346.4, 214474.5, 226.0, 226.9, 217.8, 76.1]
[107254.2, 107194.9, 214655.1, 220.9, 216.4, 219.8, 73.1]
[107264.5, 107119.4, 214489.8, 224.3, 227.7, 219.1, 74.5]
[107531.8, 107181.3, 214367.9, 221.3, 202.6, 197.9, 74.3]
[107284.8, 107279.5, 214517.6, 225.6, 223.7, 224.3, 75.4]
[107239.9, 107219.1, 214467.8, 222.4, 211.7, 198.6, 74.6]
[107174.0, 107228.8, 214568.4, 226.8, 205.4, 198.8, 70.1]
[107220.8, 107212.8, 214457.0, 216.9, 233.6, 216.0, 76.8]
[107193.1, 107278.9, 214461.3, 220.6, 231.9, 239.7, 74.2]
[107286.6, 107327.1, 214433.9, 222.4, 228.6, 219.3, 73.9]
[107307.4, 107260.6, 214729.3, 218.9, 223.5, 205.8, 73.6]
[106994.4, 107348.2, 214283.9, 221.2, 221.4, 228.1, 71.3]
[107226.2, 107234.0, 214344.5, 217.8, 215.4, 214.0, 74.5]
[107150.3, 107330.3, 214552.4, 226.9, 222.7, 227.0, 73.8]
[107237.5, 107176.8, 214482.9, 223.7, 236.3, 240.3, 72.8]
[107206.9, 107203.6, 214486.5, 226.2, 219.4, 227.2, 72.0]
[107077.4, 107328.7, 214623.6, 223.8, 225.3, 220.9, 68.6]
[107265.4, 107060.5, 214465.8, 224.7, 247.3, 238.4, 76.8]
[107182.6, 107209.5, 214235.1, 223.4, 244.1, 244.0, 75.8]
[107167.1, 107223.5, 214401.4, 216.1, 233.3, 237.7, 71.6]
[107361.8, 107210.0, 214322.7, 221.5, 229.5, 231.6, 73.9]
[107276.0, 107237.7, 214456.0, 223.9, 239.5, 225.9, 72.4]
[107206.2, 107002.9, 214128.5, 224.2, 203.6, 203.9, 73.4]
[107137.6, 107166.6, 214261.4, 216.5, 225.4, 229.6, 71.1]
[107262.9, 106951.3, 214575.2, 223.7, 272.4, 260.6, 70.7]
[107278.2, 107221.9, 214468.0, 218.3, 215.8, 219.0, 74.6]
[107310.0, 107277.0, 214420.9, 214.4, 228.7, 230.7, 69.8]
[107301.5, 107217.7, 214380.2, 225.1, 206.2, 211.0, 75.0]
[107342.3, 107243.0, 214599.5, 220.2, 203.6, 202.6, 76.4]
[107377.8, 107286.6, 214495.1, 217.8, 164.6, 161.2, 77.7]
[107537.5, 107262.8, 214427.0, 223.1, 204.9, 199.1, 73.5]
[107153.6, 107204.9, 214249.9, 217.3, 242.6, 241.1, 74.1]
[107300.0, 107207.9, 214756.5, 225.5, 214.6, 210.7, 76.7]
[107231.2, 107254.7, 214213.8, 215.8, 257.2, 248.1, 72.8]
[107397.3, 107333.5, 214532.5, 223.3, 232.2, 228.6, 73.4]
[107319.2, 107171.1, 214531.5, 225.5, 213.5, 220.0, 77.0]
[107188.9, 107330.9, 214580.6, 218.2, 217.2, 214.7, 73.9]
[107347.9, 107249.7, 214057.5, 221.0, 219.8, 220.9, 79.3]
[107259.4, 106958.6, 214350.4, 223.1, 219.0, 220.2, 69.1]
[107351.9, 107289.6, 214486.5, 219.6, 214.1, 215.5, 72.0]
[107273.4, 107179.0, 214700.0, 219.6, 198.5, 204.4, 70.9]
[107363.5, 107236.2, 214563.9, 223.8, 229.8, 228.3, 74.6]
[107262.8, 107351.0, 214394.9, 222.5, 212.6, 216.4, 71.7]
[107140.1, 107303.4, 214451.3, 217.6, 213.7, 219.9, 74.6]
[107182.5, 107216.4, 214578.3, 219.3, 244.4, 244.0, 74.5]
[107176.6, 107212.8, 214480.6, 217.9, 213.7, 230.3, 80.9]
[107205.2, 107383.5, 214638.1, 219.4, 204.3, 203.2, 78.0]
[107299.4, 107256.6, 214683.4, 220.0, 207.8, 210.4, 73.0]
[107353.8, 107155.9, 214659.5, 219.9, 208.0, 209.1, 75.2]
[107227.7, 107159.0, 214529.1, 217.2, 214.0, 206.3, 73.0]
[107241.0, 107308.1, 214590.5, 215.5, 227.1, 218.8, 74.5]
[107308.5, 106989.6, 214490.0, 220.8, 238.2, 238.4, 71.4]
[107129.9, 107373.7, 214402.6, 219.4, 198.9, 218.4, 71.1]
[107278.7, 107183.1, 214491.7, 217.0, 238.4, 239.4, 79.3]
[107205.9, 107193.8, 214379.9, 224.8, 222.2, 228.0, 71.9]
[107191.9, 107128.4, 214289.9, 220.1, 238.5, 236.6, 71.2]
[107335.8, 107382.5, 214537.0, 222.2, 188.3, 186.7, 73.7]
[107404.8, 107036.8, 214356.7, 228.9, 223.1, 214.3, 72.7]
[107125.1, 107291.1, 214352.1, 230.7, 192.9, 179.3, 74.8]
[107251.6, 107245.2, 214673.5, 212.5, 212.3, 216.8, 73.4]
[107252.0, 107378.1, 214427.7, 223.9, 238.0, 237.4, 75.2]
[107268.5, 107192.0, 214363.3, 219.5, 236.0, 231.8, 75.4]
[107371.2, 107028.9, 213966.8, 224.8, 212.0, 213.5, 72.8]
[107265.2, 107211.5, 214430.8, 227.1, 235.7, 226.0, 77.9]
[107240.8, 107344.1, 214412.1, 219.4, 228.3, 224.8, 73.2]
[107252.8, 107259.7, 214286.2, 224.1, 214.5, 219.9, 71.3]
[107316.6, 107173.5, 214377.8, 221.5, 207.5, 217.5, 66.9]
[107187.2, 107181.5, 214395.0, 211.0, 243.6, 239.0, 70.0]
[107102.2, 107129.3, 214509.5, 215.6, 238.6, 227.8, 71.0]
[107340.4, 107163.5, 214547.1, 221.2, 210.5, 207.2, 78.6]
[107213.0, 107288.2, 214499.8, 224.5, 241.7, 247.2, 73.1]
[107382.7, 107273.2, 214492.2, 220.3, 235.5, 232.6, 74.8]
[107427.7, 107307.2, 214509.5, 228.5, 230.0, 230.8, 75.8]
[107210.3, 107322.0, 214589.5, 220.2, 247.9, 247.3, 74.4]
[107332.9, 107056.4, 214314.1, 222.2, 227.6, 234.9, 79.0]
[107311.4, 107145.2, 214553.2, 218.2, 198.2, 192.8, 75.2]
[107288.3, 107214.1, 214478.7, 223.7, 184.6, 193.2, 73.8]
[107394.8, 107165.2, 214669.4, 216.2, 199.5, 196.1, 75.2]
[107193.7, 107174.5, 214362.3, 222.4, 214.1, 212.5, 71.7]
[107091.4, 107252.0, 214268.1, 215.7, 207.0, 201.8, 77.9]
[107270.1, 107188.4, 214558.6, 227.0, 206.8, 213.2, 72.9]
[107228.5, 107451.9, 214465.5, 216.7, 234.4, 226.6, 73.7]
[107334.4, 107189.8, 214522.9, 219.6, 231.5, 239.6, 77.2]
[107178.6, 107201.1, 214740.3, 222.5, 216.9, 212.1, 70.8]
[107171.0, 107275.7, 214405.8, 227.5, 234.2, 229.2, 73.7]
[107289.9, 107246.9, 214440.4, 220.5, 196.1, 197.4, 71.9]
[107179.0, 107162.8, 214337.3, 225.7, 188.5, 194.0, 70.8]
[107213.0, 107287.1, 214595.8, 225.7, 232.9, 229.9, 75.7]
[107269.2, 107243.9, 214552.5, 221.1, 212.0, 215.0, 66.3]
[107145.6, 107346.1, 214670.9, 216.3, 230.4, 229.2, 79.5]
[107420.1, 107301.9, 214391.3, 217.2, 231.0, 226.1, 75.8]
[107312.8, 107163.5, 214476.9, 222.3, 232.1, 234.9, 70.3]
[107117.7, 107445.8, 214453.0, 214.6, 219.0, 228.3, 69.5]
[107217.5, 107368.9, 214520.0, 230.7, 225.2, 233.1, 72.4]
[107412.7, 107179.5, 214457.1, 212.2, 208.5, 199.5, 72.6]
[107277.2, 107096.2, 214671.2, 227.5, 194.8, 195.1, 68.8]
[107342.3, 107143.6, 214574.0, 218.6, 192.5, 201.4, 71.9]
[107268.5, 107249.2, 214876.8, 219.6, 202.9, 208.6, 71.9]
[107226.9, 107280.7, 214570.9, 226.9, 198.8, 192.6, 77.8]
[107318.6, 107233.8, 214297.7, 217.1, 228.6, 233.5, 74.1]
[107177.2, 107569.5, 214523.3, 217.0, 200.7, 202.6, 76.4]
[107336.9, 107221.4, 214352.8, 216.7, 228.8, 233.6, 74.6]
[107236.1, 107183.1, 214479.4, 217.0, 226.4, 229.9, 74.9]
[107271.2, 107274.0, 214648.9, 233.0, 208.2, 215.7, 79.6]
[107407.8, 107316.9, 214246.9, 220.3, 240.7, 238.4, 77.6]
[107390.5, 107247.7, 214561.9, 225.1, 203.9, 217.5, 73.9]
[107245.9, 107144.9, 214701.0, 220.4, 237.1, 244.1, 75.1]
[107154.0, 107204.5, 214578.6, 226.6, 249.4, 246.9, 68.4]
[107172.2, 107184.0, 214384.2, 224.7, 227.7, 214.8, 74.2]
[107322.7, 107170.7, 214456.0, 219.9, 232.0, 242.5, 70.6]
[107195.7, 107219.3, 214454.7, 215.3, 249.1, 239.4, 74.9]
[107043.5, 107162.6, 214199.6, 224.5, 244.8, 235.1, 77.5]
[107273.3, 107199.4, 214450.3, 221.0, 223.1, 226.5, 74.1]
[107067.0, 107112.2, 214310.9, 220.3, 243.4, 236.9, 72.7]
[107159.6, 107316.1, 214449.2, 222.5, 219.2, 215.1, 74.7]
[107262.0, 107264.7, 214653.6, 219.9, 204.8, 212.7, 76.1]
[107381.7, 107416.7, 214316.7, 220.2, 183.1, 188.4, 77.1]
[107301.1, 107066.2, 214349.7, 216.2, 224.8, 231.9, 73.1]
[107169.4, 107403.2, 214385.5, 216.1, 204.7, 207.7, 73.4]
[107242.0, 107339.3, 214608.0, 216.1, 212.3, 204.9, 76.6]
[107314.7, 107161.7, 214515.4, 212.4, 218.4, 226.5, 72.1]
[107358.2, 107377.8, 214106.2, 213.5, 269.6, 266.2, 73.3]
[107351.5, 107309.8, 214596.3, 221.0, 204.9, 196.8, 71.6]
[107173.2, 107163.7, 214029.4, 219.7, 234.2, 241.9, 72.0]
[107239.7, 107247.9, 214360.6, 218.2, 217.2, 206.0, 69.0]
[107400.9, 107095.8, 214257.2, 226.1, 230.4, 221.7, 72.6]
[107237.4, 107237.6, 214728.5, 226.1, 228.2, 217.6, 67.5]
[107176.0, 107236.9, 214413.3, 220.4, 219.4, 217.3, 71.9]
[107157.7, 107130.1, 214479.1, 226.5, 234.8, 243.6, 76.7]
[107326.0, 107176.8, 214692.7, 220.5, 203.1, 204.1, 74.4]
[107297.7, 107197.3, 214380.2, 219.0, 231.5, 225.6, 77.1]
[107482.2, 107135.9, 214720.0, 228.8, 229.0, 232.5, 75.6]
[107340.1, 107303.7, 214388.0, 229.0, 214.4, 222.5, 70.8]
[107147.1, 107136.1, 214498.1, 223.4, 250.9, 236.9, 72.7]
[107316.5, 107254.8, 214302.0, 225.5, 249.5, 239.4, 78.1]
[107260.1, 107260.7, 214251.2, 224.3, 220.5, 224.5, 76.8]
[107304.3, 107181.4, 214546.2, 217.8, 207.5, 205.2, 73.3]
[107402.5, 107410.9, 214577.1, 219.2, 218.7, 215.2, 73.9]
[107091.2, 107152.4, 214452.9, 222.8, 251.1, 250.1, 79.2]
[107329.6, 107202.1, 214732.7, 224.4, 222.5, 223.1, 68.8]
[107411.0, 107251.8, 214402.8, 220.2, 242.6, 236.7, 74.3]
[107232.8, 107419.2, 214444.7, 219.4, 214.5, 216.9, 77.4]
[106969.7, 107297.8, 214241.8, 218.0, 205.6, 204.7, 73.4]
[107329.5, 107107.7, 214660.1, 220.4, 222.0, 223.1, 76.2]
[107234.1, 107324.9, 214588.2, 226.1, 223.4, 218.9, 75.7]
[107234.6, 107235.0, 214612.8, 218.8, 211.1, 216.3, 69.4]
[107165.0, 107261.6, 214540.3, 221.8, 213.8, 205.9, 70.5]
[107296.4, 107211.7, 214377.9, 218.9, 237.3, 245.1, 72.1]
[107302.0, 107422.0, 214427.2, 220.0, 213.9, 221.8, 69.9]
[107128.3, 107290.3, 214559.1, 225.9, 227.3, 231.2, 76.3]
[107416.3, 107312.6, 214510.3, 218.9, 204.0, 206.4, 79.5]
[107076.9, 107285.8, 214393.3, 226.6, 201.5, 203.1, 70.6]
[107362.0, 107315.8, 214679.6, 216.8, 204.6, 204.4, 74.4]
[107212.0, 107276.7, 214408.5, 218.0, 230.1, 223.9, 76.7]
[107082.2, 107310.1, 214735.2, 226.1, 223.0, 234.9, 68.3]
[107107.2, 107284.4, 214768.3, 222.4, 215.9, 227.1, 72.7]
[107145.8, 107292.1, 214534.2, 218.9, 229.8, 227.6, 75.8]
[107187.4, 107127.5, 214635.0, 221.2, 179.4, 170.5, 78.8]
[107239.4, 107272.0, 214666.5, 218.2, 203.1, 192.6, 73.1]
[107181.3, 107310.4, 214456.4, 225.2, 219.1, 239.0, 70.5]
[107227.7, 107326.0, 214412.9, 221.8, 252.4, 235.6, 73.7]
[106987.8, 107334.8, 214505.1, 222.6, 231.1, 227.7, 71.0]
[107184.9, 107222.3, 214058.3, 221.4, 233.2, 232.9, 71.9]
[107161.7, 107345.3, 214290.2, 230.2, 177.1, 180.0, 72.0]
[107039.0, 107273.7, 214611.1, 218.4, 236.4, 230.2, 75.0]
[107374.0, 107366.9, 214504.2, 214.8, 231.0, 229.4, 79.8]
[107142.0, 107261.9, 214450.9, 214.3, 241.3, 237.2, 72.3]
[107115.4, 107167.1, 214537.0, 225.7, 225.1, 223.9, 75.6]
[107532.8, 107366.0, 214152.5, 220.4, 220.5, 223.4, 74.1]
[107346.4, 107271.2, 214628.0, 227.0, 215.6, 228.5, 75.8]
[107097.6, 107239.6, 214847.3, 217.9, 217.6, 219.6, 77.4]
[107186.6, 107236.6, 214432.7, 220.8, 220.7, 219.2, 73.4]
[107320.2, 107412.3, 214422.5, 225.8, 199.8, 202.3, 79.4]
[107376.7, 107084.7, 214236.5, 218.7, 211.1, 209.0, 69.0]
[107109.4, 107277.8, 214761.6, 221.5, 239.0, 249.8, 72.8]
[107352.8, 107343.2, 214714.1, 225.1, 233.0, 235.9, 74.1]
[107218.2, 107422.1, 214527.6, 220.5, 240.6, 233.3, 68.8]
[107324.9, 107178.5, 214588.1, 219.8, 218.8, 225.4, 71.9]
[107267.1, 107090.3, 214605.5, 216.7, 237.6, 223.2, 75.8]
[107147.0, 106972.0, 214258.6, 225.0, 224.2, 220.8, 72.2]
[107268.7, 107206.7, 214518.4, 221.5, 219.1, 221.3, 73.1]
[107190.4, 107164.4, 214519.2, 224.2, 220.6, 219.6, 76.0]
[107248.6, 107086.9, 214443.9, 221.2, 228.4, 241.4, 72.3]
[107175.7, 106979.3, 214562.1, 215.5, 214.3, 200.6, 72.7]
[107329.1, 107222.6, 214308.8, 223.9, 212.4, 220.5, 73.4]
[107347.2, 107205.8, 214397.3, 216.3, 191.6, 185.4, 72.1]
[107446.9, 107149.9, 214582.1, 226.5, 231.5, 237.6, 77.1]
[107232.8, 107163.9, 214579.4, 218.0, 218.5, 212.7, 75.2]
[107200.1, 107179.6, 214518.8, 219.4, 195.6, 204.5, 67.2]
[107144.5, 107036.1, 214307.2, 217.7, 232.4, 238.5, 76.0]
[107362.0, 107314.6, 214538.1, 216.3, 251.1, 247.7, 72.5]
[107297.1, 107323.6, 214747.8, 214.7, 214.7, 218.2, 71.8]
[107196.5, 107252.2, 214533.4, 214.4, 209.8, 215.5, 70.3]
[107149.3, 107122.5, 214389.7, 223.5, 213.4, 217.5, 76.6]
[107130.5, 107244.2, 214569.3, 224.4, 230.0, 228.0, 75.1]
[107219.6, 107354.8, 214435.6, 212.5, 258.1, 253.8, 70.1]
[107401.6, 107332.8, 214323.6, 228.6, 235.7, 227.4, 73.0]
[107198.3, 107354.3, 214501.9, 218.1, 233.9, 234.3, 74.4]
[107190.4, 107193.9, 214339.2, 221.8, 213.7, 220.8, 72.8]
[107220.0, 107243.6, 214340.9, 216.2, 224.0, 226.7, 71.8]
[107168.8, 107066.2, 214367.2, 229.8, 227.6, 229.1, 71.4]
[107301.6, 107284.8, 214516.3, 220.8, 205.4, 210.5, 75.5]
[107196.5, 107328.5, 214383.1, 223.9, 211.9, 209.1, 72.3]
[107408.7, 107187.6, 214705.9, 223.8, 238.2, 240.0, 72.2]
[107128.2, 107201.1, 214479.6, 213.2, 182.0, 188.0, 73.3]
[107279.3, 107256.2, 214598.8, 219.0, 205.7, 211.4, 74.7]
[107396.7, 107274.6, 214776.4, 228.9, 196.9, 198.9, 75.5]
[107272.3, 107148.1, 214374.9, 224.5, 252.5, 255.0, 74.9]
[107320.1, 107138.6, 214651.2, 224.2, 209.3, 222.8, 77.6]
[107193.8, 107201.0, 214254.9, 225.1, 244.8, 238.6, 73.6]
[107218.7, 107223.5, 214535.1, 217.2, 242.1, 237.9, 76.5]
[107382.3, 107289.4, 214360.7, 219.6, 200.7, 196.4, 76.6]
[107055.9, 107219.8, 214314.6, 224.6, 218.6, 214.6, 70.5]
[107091.2, 107264.5, 214577.6, 214.9, 213.1, 212.9, 73.2]
[107120.4, 107286.4, 214811.0, 226.4, 213.2, 197.6, 65.4]
[107213.2, 107171.1, 214438.9, 218.0, 214.5, 212.7, 70.8]
[107140.5, 107190.5, 214516.0, 233.0, 209.7, 213.1, 74.2]
[107192.1, 107204.5, 214312.2, 219.3, 243.7, 234.4, 69.7]
[107344.0, 107200.3, 214389.5, 223.7, 209.2, 202.3, 76.4]
[107068.4, 107184.9, 214484.4, 222.5, 214.2, 210.5, 74.3]
[107371.7, 107085.6, 214567.1, 220.3, 223.6, 227.3, 74.3]
[107087.8, 107325.1, 214464.5, 228.1, 243.2, 242.3, 74.8]
[107313.2, 107126.9, 214282.9, 226.0, 262.3, 270.9, 73.3]
[107192.7, 107075.1, 214702.4, 211.2, 219.9, 219.2, 77.1]
[107165.0, 107202.9, 214529.7, 220.0, 227.3, 233.6, 76.5]
[107081.7, 107197.7, 214558.7, 222.6, 256.5, 252.2, 77.0]
[107259.8, 107147.5, 214430.1, 224.3, 222.8, 220.6, 72.1]
[107336.7, 107389.1, 214257.4, 226.0, 240.3, 241.2, 70.6]
[107209.0, 107178.7, 214523.3, 220.7, 207.9, 206.5, 72.7]
[107350.5, 107213.7, 214343.6, 219.4, 211.2, 207.4, 73.6]
[107252.6, 107318.5, 214406.2, 219.0, 238.5, 244.3, 71.2]
[107220.6, 107216.0, 214606.0, 222.3, 208.0, 223.0, 78.1]
[106982.3, 107236.6, 214644.1, 220.7, 254.4, 243.4, 73.8]
[107379.2, 107097.3, 214724.4, 222.1, 203.5, 199.9, 75.3]
[107223.3, 107143.0, 214460.7, 215.5, 249.1, 241.5, 76.3]
[107373.7, 107391.3, 214303.4, 221.7, 218.6, 211.9, 72.6]
[107162.1, 107315.4, 214213.8, 222.7, 216.8, 227.4, 71.4]
[107304.8, 107105.0, 214437.8, 222.6, 239.7, 227.6, 73.9]
[107323.1, 107386.4, 214318.6, 218.9, 187.5, 194.2, 69.1]
[107234.1, 107371.1, 214641.1, 220.6, 223.6, 232.4, 72.0]
[107301.1, 107229.5, 214494.3, 219.0, 214.8, 206.4, 73.1]
[107335.3, 107233.1, 214504.2, 225.0, 241.8, 240.2, 71.1]
[107211.2, 107300.0, 214696.1, 217.7, 224.0, 224.5, 70.7]
[107317.6, 107099.5, 214308.4, 219.1, 233.3, 222.1, 77.7]
[107252.6, 107335.0, 214515.5, 223.8, 228.8, 228.1, 73.8]
[107222.0, 107230.3, 214604.7, 224.6, 201.3, 209.6, 76.3]
[107207.7, 107302.9, 214496.1, 217.1, 234.4, 229.7, 76.7]
[107255.6, 107322.0, 214299.8, 219.8, 230.3, 245.6, 72.2]
[107018.8, 107269.5, 214674.4, 228.2, 220.2, 211.3, 73.1]
[107517.4, 107183.3, 214435.2, 220.9, 206.2, 208.8, 71.3]
[107221.9, 107286.5, 214331.0, 215.9, 191.8, 189.9, 75.8]
[107407.0, 107225.0, 214419.1, 221.9, 218.3, 221.6, 71.1]
[107231.0, 107379.2, 214398.0, 217.9, 219.4, 213.7, 77.1]
[107194.3, 107344.2, 214748.1, 220.8, 204.0, 205.8, 76.8]
[107173.5, 107171.5, 214483.4, 220.8, 229.2, 237.8, 67.9]
[107228.2, 107250.6, 214691.3, 215.8, 204.6, 213.4, 70.9]
[107150.1, 107097.3, 214325.9, 223.2, 210.1, 220.5, 76.9]
[107254.3, 107238.8, 214313.7, 227.2, 203.3, 189.2, 76.9]
[107493.3, 107103.9, 214291.0, 224.4, 252.1, 241.1, 71.7]
[107172.8, 107289.2, 214211.5, 220.1, 223.1, 229.0, 78.5]
[107242.7, 107263.8, 214444.2, 222.2, 232.9, 241.5, 73.7]
[107344.6, 107165.9, 214312.9, 228.4, 208.6, 198.3, 71.9]
[107022.1, 107114.9, 214566.4, 218.8, 249.7, 255.7, 72.2]
[107204.6, 107335.2, 214637.7, 221.6, 211.7, 214.6, 74.9]
[107315.4, 107352.8, 214425.6, 214.6, 211.1, 216.1, 71.9]
[107162.4, 107166.7, 214455.6, 218.5, 246.4, 246.4, 76.8]
[107238.8, 107137.8, 214453.3, 223.0, 229.2, 232.5, 72.3]
[107235.4, 107131.9, 214767.7, 223.3, 207.4, 208.5, 72.2]
[107188.7, 107427.1, 214418.3, 220.5, 196.1, 186.6, 71.9]
[107292.5, 107408.7, 214744.9, 221.4, 218.0, 218.1, 75.3]
[107175.5, 107262.2, 214793.8, 226.6, 236.3, 239.1, 72.8]
[107494.5, 107185.1, 214454.1, 209.8, 219.0, 210.2, 77.7]
[107129.3, 107427.6, 214458.0, 216.2, 207.6, 211.4, 73.6]
[107367.8, 107194.8, 214629.7, 220.6, 216.5, 217.8, 75.7]
[107258.3, 107316.1, 214432.8, 222.2, 226.2, 226.0, 70.9]
[107186.3, 107095.5, 214227.7, 218.4, 232.7, 232.5, 72.4]
[107283.2, 107245.0, 214523.0, 220.5, 209.5, 213.2, 75.2]
[107212.2, 107278.0, 214707.6, 216.0, 231.1, 236.1, 73.4]
[107125.8, 107259.9, 214653.3, 220.9, 242.0, 247.0, 66.2]
[107387.4, 107029.2, 214709.5, 222.9, 209.9, 211.8, 71.9]
[107226.5, 107182.9, 214228.3, 221.1, 223.3, 235.0, 70.3]
[107240.3, 107180.9, 214776.5, 218.2, 205.5, 198.4, 69.9]
[107086.2, 107219.7, 214321.6, 213.7, 253.9, 251.4, 76.6]
[107231.3, 107326.2, 214441.0, 224.7, 216.5, 212.1, 77.5]
[107154.5, 107165.4, 214225.6, 227.3, 215.8, 202.0, 76.4]
[107341.8, 107254.0, 214261.7, 227.5, 206.8, 199.1, 75.9]
[107505.3, 107062.1, 214517.9, 233.0, 227.3, 225.0, 68.8]
[107174.9, 107434.3, 214401.6, 216.6, 217.2, 225.1, 74.3]
[107374.9, 107331.5, 214515.6, 216.9, 225.0, 219.1, 76.8]
[107271.2, 107106.7, 214536.2, 225.1, 219.7, 216.1, 74.1]
[107255.6, 107141.1, 214516.7, 211.1, 206.6, 220.4, 72.1]
[107245.1, 107116.2, 214385.9, 220.9, 238.6, 238.6, 72.7]
[107245.6, 107168.3, 214640.7, 220.0, 213.6, 204.8, 71.0]
[107220.7, 107127.6, 214369.1, 222.3, 225.4, 232.9, 73.6]
[107281.3, 107246.1, 214288.8, 221.0, 236.8, 221.8, 74.3]
[107151.4, 107267.9, 214647.4, 219.6, 197.9, 203.1, 71.4]
[107303.0, 107344.3, 214522.5, 222.5, 204.6, 205.4, 73.9]
[107174.4, 107216.1, 214817.0, 225.2, 186.2, 193.5, 76.1]
[107204.2, 107282.8, 214611.0, 221.4, 231.8, 222.6, 73.9]
[107294.2, 107361.0, 214610.8, 222.7, 227.5, 219.3, 76.3]
[107195.7, 107405.7, 214608.9, 219.7, 238.0, 235.8, 73.7]
[107385.6, 107094.0, 214170.8, 221.5, 209.7, 224.1, 75.4]
[107112.7, 107377.9, 214559.0, 214.0, 195.5, 200.5, 73.2]
[107413.6, 107158.7, 214421.9, 218.2, 236.5, 228.7, 74.6]
[107264.2, 107245.4, 214334.4, 210.7, 222.1, 225.0, 75.3]
[107320.5, 107227.0, 214583.3, 215.9, 225.1, 231.5, 75.6]
[107316.6, 107175.7, 214369.6, 219.3, 236.0, 237.8, 77.4]
[107326.1, 107072.6, 214646.4, 216.8, 205.9, 210.7, 74.6]
[107090.9, 107303.3, 214609.8, 229.7, 226.1, 229.2, 71.0]
[107386.0, 107075.4, 214347.3, 215.8, 208.2, 202.6, 77.8]
[107344.9, 107248.3, 214378.4, 218.2, 231.4, 222.1, 72.5]
[107286.3, 107269.3, 214424.5, 217.8, 238.9, 234.5, 71.1]
[107233.9, 107295.1, 214267.7, 220.4, 209.7, 221.5, 73.9]
[107247.9, 106987.4, 214564.7, 224.8, 215.4, 217.4, 72.1]
[107161.6, 107358.3, 214700.1, 214.7, 202.0, 195.0, 78.1]
[107265.1, 107339.9, 214542.2, 227.1, 236.2, 228.0, 76.2]
[107396.6, 107233.6, 214650.4, 225.2, 193.1, 202.0, 68.3]
[107225.1, 107173.7, 214646.4, 223.0, 211.3, 218.9, 73.8]
[107149.5, 107363.6, 214570.8, 225.9, 198.9, 208.6, 73.5]
[107377.3, 107107.6, 214482.3, 226.1, 221.3, 223.1, 69.0]
[107480.0, 107177.2, 214266.5, 217.1, 233.1, 241.4, 71.8]
[107197.2, 107410.0, 214201.1, 220.1, 192.2, 193.2, 68.6]
[107111.4, 107198.0, 214599.3, 222.4, 224.7, 221.9, 74.4]
[107163.5, 107367.5, 214531.3, 219.7, 190.4, 195.0, 72.1]
[107311.3, 107404.8, 214213.1, 222.4, 260.8, 250.9, 72.4]
[107234.1, 107054.9, 214555.1, 225.9, 219.7, 220.3, 69.9]
[107320.9, 107188.4, 214416.8, 224.0, 223.8, 210.5, 74.6]
[107237.5, 107269.3, 214413.3, 219.2, 225.3, 235.9, 76.7]
[107104.9, 107203.2, 214513.5, 215.9, 206.2, 206.9, 74.7]
[107367.2, 107027.2, 214271.5, 217.3, 220.1, 227.8, 76.2]
[107256.3, 107227.2, 214282.2, 218.8, 214.3, 209.0, 80.4]
[107335.6, 107381.3, 214626.3, 213.1, 226.3, 226.3, 71.4]
[107289.1, 107044.4, 214328.2, 221.3, 243.1, 244.8, 78.5]
[107195.8, 107250.3, 214533.8, 217.0, 212.4, 207.2, 78.6]
[107244.0, 107131.0, 214459.6, 225.5, 209.9, 199.8, 72.6]
[107134.5, 107052.5, 214561.0, 218.9, 232.5, 236.1, 72.7]
[107155.6, 107236.5, 214702.7, 223.0, 205.7, 214.3, 72.0]
[107331.1, 107188.5, 214331.5, 217.6, 250.8, 239.9, 73.3]
[107233.7, 107326.1, 214672.0, 219.7, 220.2, 219.6, 75.4]
[107364.6, 107129.5, 214798.5, 219.7, 221.8, 233.2, 76.5]
[106911.5, 107401.2, 214532.7, 222.3, 221.3, 217.5, 72.5]
[107249.3, 107217.8, 214657.5, 213.1, 232.3, 222.4, 73.4]
[107113.5, 107297.2, 214612.6, 214.0, 237.2, 237.6, 74.4]
[107133.3, 107256.3, 214341.4, 223.5, 231.3, 232.4, 70.7]
[107268.4, 107185.9, 214405.5, 218.2, 234.8, 231.0, 73.0]
[107280.2, 107198.4, 214370.1, 219.9, 208.7, 208.7, 77.7]
[107143.0, 106937.3, 214194.3, 228.0, 242.2, 245.4, 78.2]
[107351.2, 107262.0, 214620.0, 211.4, 256.4, 253.8, 71.2]
[107236.5, 107234.0, 214402.3, 212.8, 213.9, 218.2, 74.0]
[107424.2, 107140.5, 214441.1, 209.4, 210.8, 218.8, 75.9]
[107377.3, 107333.6, 214688.1, 214.8, 198.7, 200.5, 70.7]
[107101.6, 107189.3, 214169.0, 221.6, 216.6, 220.2, 72.0]
[107128.7, 107107.4, 214575.9, 225.8, 231.1, 238.9, 76.0]
[107263.4, 107193.3, 214635.7, 223.8, 212.6, 214.7, 75.0]
[107309.2, 107163.9, 214408.8, 222.3, 225.3, 225.5, 74.5]
[107197.3, 107332.0, 214333.1, 219.9, 204.7, 207.8, 70.9]
[107257.0, 107215.2, 214310.3, 214.7, 251.8, 233.4, 72.9]
[107265.2, 107011.6, 214540.7, 233.5, 227.7, 218.7, 72.2]
[106990.2, 107248.7, 214387.7, 220.9, 206.6, 205.5, 78.2]
[107230.1, 107248.7, 214647.4, 212.4, 215.4, 204.7, 76.2]
