[107186.0, 107215.0, 214373.5, 222.9, 227.7, 229.7, 74.4]
[107066.8, 107162.1, 214388.9, 221.7, 223.8, 219.7, 73.9]
[107069.5, 107141.1, 214149.6, 213.0, 234.2, 233.4, 79.1]
[107131.4, 107271.4, 214793.5, 219.4, 206.4, 214.9, 75.8]
[107135.8, 107250.2, 214633.5, 222.0, 212.5, 213.4, 76.4]
[107189.0, 107411.5, 214392.2, 222.5, 221.5, 222.3, 77.4]
[107283.7, 107314.9, 214480.8, 217.0, 217.2, 209.5, 74.4]
[107320.1, 107240.8, 214480.7, 223.7, 225.1, 217.3, 73.7]
[107324.0, 107295.8, 214472.7, 226.9, 185.7, 186.1, 76.8]
[107244.9, 107390.8, 214581.9, 229.2, 233.5, 217.1, 74.2]
[107346.5, 107222.9, 214542.6, 228.8, 211.8, 205.7, 72.7]
[107128.3, 107142.8, 214508.8, 221.1, 221.0, 225.2, 74.2]
[107358.6, 107107.1, 214368.6, 229.8, 224.9, 226.9, 72.7]
[107333.7, 107249.8, 214230.0, 220.9, 218.8, 227.3, 74.4]
[107107.4, 107158.1, 214288.5, 226.4, 228.7, 239.2, 76.3]
[107427.3, 107354.9, 214307.8, 224.0, 215.1, 221.2, 78.4]
[107166.1, 107059.8, 214275.3, 223.0, 199.0, 198.5, 70.0]
[107214.9, 107350.6, 214601.1, 228.2, 221.9, 214.9, 75.9]
[107223.7, 107437.6, 214582.7, 211.0, 226.1, 235.0, 77.0]
[107198.2, 107389.5, 214823.4, 222.2, 197.1, 201.7, 68.6]
[107335.5, 107400.5, 214543.4, 221.3, 201.1, 199.6, 76.5]
[107214.4, 107366.9, 214279.7, 218.4, 206.5, 215.5, 73.8]
[107187.0, 107293.4, 214155.1, 221.1, 210.7, 210.1, 79.4]
[107270.5, 107049.6, 214408.3, 219.9, 244.2, 246.1, 76.6]
[107147.4, 107146.0, 214403.3, 231.8, 197.5, 192.2, 74.8]
[107232.6, 107114.4, 214415.4, 213.9, 220.1, 217.5, 74.9]
[107135.3, 107201.0, 214411.4, 219.9, 249.0, 240.1, 74.5]
[107162.3, 107464.1, 214360.2, 224.0, 236.3, 220.8, 68.8]
[107312.0, 107225.9, 214453.7, 218.9, 229.9, 230.0, 72.5]
[107234.1, 107481.0, 214501.2, 219.3, 256.2, 241.0, 75.8]
[107021.0, 107270.0, 214501.8, 223.2, 209.5, 209.5, 73.8]
[107251.8, 107196.3, 214321.6, 223.4, 214.6, 208.2, 76.3]
[107233.8, 107236.9, 214231.4, 223.5, 216.7, 211.7, 73.6]
[107402.5, 107123.6, 213945.5, 212.9, 225.2, 220.3, 72.8]
[107127.2, 107143.9, 214338.8, 224.7, 227.7, 238.9, 72.0]
[107311.5, 107281.0, 214606.4, 224.9, 200.0, 200.6, 74.6]
[107231.0, 107282.6, 214277.4, 233.1, 263.4, 267.1, 73.7]
[107219.9, 107268.2, 214432.4, 222.4, 213.6, 221.2, 76.2]
[107218.6, 107227.4, 214486.6, 217.3, 190.5, 201.2, 72.7]
[107301.1, 107139.1, 214396.5, 218.9, 207.8, 207.9, 76.3]
[107303.2, 107336.7, 214442.9, 226.4, 206.6, 201.5, 74.6]
[107302.7, 107142.3, 214392.7, 215.8, 230.4, 223.6, 71.1]
[107234.0, 107198.8, 214488.0, 213.9, 215.4, 214.7, 72.8]
[107197.3, 107198.2, 214334.3, 223.8, 202.0, 206.7, 68.1]
[107309.3, 107235.5, 214560.1, 216.5, 211.9, 204.0, 72.3]
[107109.9, 107391.8, 214770.3, 225.9, 226.0, 232.6, 71.9]
[107271.0, 107111.3, 214605.7, 222.6, 206.4, 212.4, 71.6]
[107120.6, 107359.5, 214515.6, 223.7, 237.7, 228.9, 72.9]
[107041.7, 107390.7, 214285.7, 223.1, 216.7, 214.2, 72.6]
[107125.1, 107111.7, 214589.2, 221.2, 220.9, 225.7, 74.2]
[107237.9, 107283.0, 214693.7, 222.2, 242.2, 242.5, 76.2]
[107147.7, 107264.5, 214698.9, 215.0, 197.8, 199.9, 79.5]
[107330.4, 107233.7, 214503.4, 221.2, 240.9, 246.7, 72.9]
[107259.8, 107186.8, 214564.2, 222.1, 224.9, 225.0, 72.7]
[107162.6, 107370.6, 214335.6, 219.2, 240.5, 233.8, 72.8]
[107375.1, 107148.0, 214320.8, 231.2, 218.0, 221.3, 72.0]
[107343.3, 107291.0, 214630.4, 219.9, 215.8, 216.9, 76.6]
[107331.8, 107085.0, 214699.8, 224.0, 236.1, 236.4, 75.0]
[107237.1, 107457.1, 214652.4, 221.7, 226.7, 231.0, 74.9]
[107314.6, 107212.3, 214591.5, 218.9, 199.9, 210.8, 70.0]
[107197.3, 107031.8, 214469.8, 214.9, 210.5, 219.9, 78.2]
[107265.9, 107173.2, 214500.0, 219.7, 215.8, 212.6, 76.2]
[107326.1, 107185.9, 214696.0, 219.7, 207.4, 210.1, 73.4]
[107286.1, 107317.3, 214544.6, 218.1, 210.3, 206.0, 70.8]
[107050.8, 107292.7, 214681.3, 222.8, 213.9, 208.1, 72.7]
[107273.9, 107165.3, 214654.6, 224.8, 247.9, 239.4, 75.1]
[107264.5, 107230.2, 214195.2, 217.9, 227.7, 237.5, 74.1]
[107203.2, 107325.5, 214641.0, 224.5, 231.4, 230.5, 72.8]
[107281.7, 107163.8, 214762.6, 228.8, 210.7, 213.8, 78.1]
[107278.9, 107225.9, 214698.7, 224.8, 207.7, 214.8, 76.6]
[107062.5, 107253.9, 214338.8, 232.2, 252.4, 246.9, 67.4]
[107460.1, 107159.6, 214685.1, 221.4, 247.9, 243.8, 74.8]
[107278.1, 107184.7, 214421.8, 213.4, 269.6, 266.4, 72.7]
[107393.8, 107226.9, 214369.0, 216.6, 225.0, 232.4, 75.1]
[107294.3, 107220.6, 214186.0, 223.1, 221.1, 226.7, 69.4]
[107054.4, 107305.2, 214501.4, 217.3, 217.7, 217.5, 77.2]
[107078.3, 107202.7, 214604.8, 226.3, 189.0, 198.6, 73.4]
[107325.6, 107203.2, 214443.4, 219.6, 238.0, 236.3, 73.2]
[107295.9, 107352.1, 214609.7, 227.3, 203.9, 204.3, 64.8]
[107327.8, 107301.9, 214456.3, 228.5, 207.5, 208.1, 70.0]
[107339.9, 107091.3, 214384.4, 219.7, 216.9, 218.1, 72.4]
[107283.3, 107376.9, 214526.6, 220.4, 228.2, 217.8, 69.4]
[107336.0, 107229.9, 214646.3, 217.3, 197.2, 202.5, 75.4]
[107208.5, 107376.5, 214493.3, 222.7, 234.5, 232.9, 78.0]
[107180.5, 107190.4, 214574.9, 215.2, 206.5, 213.8, 76.1]
[107118.4, 107281.0, 214320.7, 228.4, 205.1, 205.6, 74.2]
[107331.0, 107231.7, 214158.6, 220.8, 219.2, 226.8, 69.0]
[107322.7, 107107.8, 214591.2, 215.7, 220.4, 219.9, 72.1]
[107362.7, 107170.9, 214455.5, 213.0, 211.2, 223.5, 72.9]
[107166.0, 107124.5, 214312.1, 223.5, 223.5, 227.0, 75.7]
[107229.2, 107244.8, 214500.9, 215.4, 211.8, 215.7, 72.6]
[107282.8, 107280.4, 214446.4, 224.5, 231.2, 231.2, 74.9]
[107267.5, 107307.2, 214333.0, 220.4, 225.2, 222.9, 67.4]
[106996.8, 107158.2, 214637.7, 207.6, 202.3, 202.0, 72.4]
[107014.9, 107410.1, 214491.9, 220.3, 253.3, 248.8, 75.7]
[107270.2, 107161.5, 214498.8, 217.7, 235.3, 224.0, 77.8]
[107222.6, 107045.1, 214669.5, 221.5, 216.9, 230.5, 73.3]
[107172.7, 107361.1, 214372.9, 221.3, 216.6, 218.6, 72.8]
[107082.1, 107257.2, 214300.6, 224.6, 215.9, 214.5, 78.0]
[107211.8, 107249.9, 214426.7, 220.1, 223.0, 223.6, 70.4]
[107161.1, 107121.2, 214438.0, 228.1, 215.0, 212.3, 78.4]
[107251.8, 107288.3, 214385.7, 220.3, 214.4, 209.5, 71.7]
[107259.1, 107414.0, 214517.0, 218.5, 227.8, 242.3, 82.2]
[107200.2, 107447.0, 214521.9, 221.8, 213.6, 212.9, 74.5]
[107247.8, 107347.6, 214282.6, 227.7, 241.0, 227.6, 72.3]
[107188.9, 107250.4, 214604.9, 219.0, 214.0, 226.1, 74.7]
[107125.1, 107382.5, 214545.4, 229.9, 218.4, 230.7, 74.2]
[107283.8, 107339.0, 214234.5, 219.0, 210.0, 217.3, 75.1]
[107242.1, 107166.8, 214296.0, 214.5, 225.0, 226.8, 71.4]
[107174.0, 107248.9, 214574.4, 229.9, 213.6, 196.5, 78.3]
[107148.4, 107043.9, 214680.8, 226.9, 252.5, 255.2, 73.0]
[107252.8, 107206.7, 214322.7, 228.9, 232.5, 228.0, 73.3]
[107285.1, 107197.8, 214547.6, 222.7, 224.9, 219.6, 72.4]
[107239.5, 107235.7, 214399.1, 223.9, 239.6, 235.0, 71.6]
[107312.4, 107222.4, 214494.7, 223.5, 234.7, 240.1, 71.2]
[107254.2, 107293.5, 214777.1, 221.3, 193.7, 194.5, 75.4]
[107087.7, 107259.5, 214637.7, 226.5, 220.1, 218.9, 75.2]
[107029.7, 107254.5, 214204.7, 224.2, 255.6, 264.9, 74.0]
[107194.0, 107111.8, 214697.3, 211.9, 219.6, 219.1, 72.9]
[107291.9, 107178.7, 214395.6, 224.7, 217.1, 229.3, 72.5]
[107378.5, 107121.2, 214655.2, 228.1, 226.4, 234.6, 75.6]
[107248.7, 107185.7, 214405.2, 228.6, 214.7, 214.1, 70.7]
[107240.9, 107229.1, 214303.0, 227.2, 214.7, 221.7, 72.5]
[107178.2, 107139.0, 214531.9, 217.0, 216.1, 217.5, 76.0]
[107204.9, 107186.1, 214490.1, 214.9, 221.4, 231.5, 74.3]
[107079.1, 107318.1, 214654.7, 218.8, 236.3, 231.3, 75.5]
[107195.4, 107161.7, 214523.6, 221.0, 208.9, 220.5, 72.0]
[107145.0, 107081.2, 214625.3, 219.1, 236.6, 231.3, 76.1]
[107188.2, 107345.2, 214634.6, 224.5, 207.5, 204.9, 76.3]
[107375.3, 107274.0, 214384.2, 211.0, 201.7, 205.1, 68.9]
[107242.2, 107262.3, 214320.9, 226.9, 202.4, 198.9, 73.9]
[107355.0, 107385.8, 214677.0, 211.5, 201.2, 199.2, 73.2]
[107176.3, 107037.6, 214331.9, 220.6, 223.0, 219.3, 74.3]
[107217.2, 107490.3, 214303.9, 221.2, 207.3, 211.8, 79.4]
[107289.6, 107290.2, 214544.2, 216.5, 218.1, 232.5, 73.4]
[107324.2, 107152.2, 214160.6, 222.7, 236.5, 234.3, 71.4]
[107371.1, 107390.0, 214416.0, 215.4, 243.1, 251.2, 74.2]
[107098.6, 107256.4, 214348.4, 224.9, 230.6, 224.3, 74.2]
[107113.3, 107374.1, 214362.2, 227.0, 216.4, 217.2, 77.6]
[107286.8, 107350.7, 214391.6, 216.4, 201.5, 215.5, 76.8]
[107263.7, 107215.5, 214450.7, 218.8, 224.9, 212.4, 73.9]
[107287.6, 107183.6, 214268.5, 229.2, 256.3, 253.5, 79.7]
[107219.3, 107422.9, 214587.0, 220.7, 216.4, 222.9, 72.9]
[107255.7, 107142.0, 214277.5, 220.6, 204.4, 213.4, 69.2]
[107200.7, 107271.4, 214517.1, 220.9, 194.9, 207.8, 77.0]
[107125.4, 107360.5, 214498.8, 219.3, 228.1, 225.0, 73.4]
[107377.0, 107242.4, 214410.8, 222.5, 213.9, 209.0, 74.5]
[107276.9, 107085.0, 214435.2, 218.7, 232.5, 248.9, 74.8]
[107143.0, 107230.1, 214515.5, 226.3, 228.3, 234.2, 73.2]
[107113.3, 107293.5, 214347.0, 215.7, 264.1, 245.9, 73.0]
[107243.3, 107189.2, 214436.2, 212.0, 230.2, 244.8, 76.9]
[107463.6, 107368.7, 214581.8, 227.6, 212.8, 214.5, 71.7]
[107211.3, 107062.4, 214482.0, 229.9, 218.9, 213.9, 77.1]
[107018.3, 107128.2, 214632.8, 220.2, 255.2, 254.2, 73.4]
[107226.1, 107343.1, 214352.0, 213.8, 213.6, 213.5, 74.1]
[107271.3, 107332.0, 214397.0, 211.5, 219.5, 214.6, 69.9]
[107068.7, 107409.1, 214415.5, 221.3, 192.1, 196.8, 71.6]
[107426.2, 107238.2, 214420.5, 220.8, 218.7, 224.4, 72.1]
[107302.8, 107099.9, 214760.4, 220.4, 234.6, 239.0, 72.8]
[107164.4, 107179.0, 214655.1, 229.7, 219.1, 225.8, 72.3]
[107320.9, 107196.2, 214472.2, 230.7, 200.8, 204.0, 74.2]
[107239.1, 107474.6, 214348.6, 220.3, 203.9, 200.5, 74.0]
[107293.3, 107257.9, 214467.6, 226.3, 216.4, 226.4, 75.2]
[107307.6, 107306.0, 214670.3, 224.4, 212.9, 209.3, 77.9]
[107116.4, 107372.5, 214380.7, 217.7, 217.0, 208.6, 72.9]
[107244.1, 107247.1, 214532.8, 223.5, 224.0, 204.0, 77.9]
[107103.7, 106987.7, 214708.3, 227.1, 224.4, 227.0, 77.5]
[107258.3, 107351.6, 214615.2, 238.4, 218.8, 216.4, 76.5]
[107219.9, 107194.3, 214571.9, 223.7, 239.8, 235.5, 70.6]
[107273.0, 107255.9, 214674.6, 225.1, 234.2, 226.2, 72.8]
[107310.4, 107295.2, 214571.5, 226.9, 207.7, 203.0, 73.3]
[107220.3, 107084.6, 214446.6, 218.2, 247.5, 239.7, 69.9]
[107313.6, 107131.9, 214238.8, 215.3, 230.4, 233.3, 75.2]
[107252.7, 107000.5, 214421.2, 219.3, 232.5, 243.5, 71.8]
[107373.1, 107474.1, 214389.1, 222.0, 242.6, 245.4, 73.2]
[107274.2, 107135.6, 214661.4, 214.8, 209.9, 209.5, 70.5]
[107310.8, 107190.9, 214598.9, 216.6, 216.4, 210.2, 73.9]
[107212.8, 107382.3, 214596.4, 223.0, 204.6, 198.0, 73.7]
[107255.7, 107160.6, 214521.7, 217.8, 238.0, 236.9, 78.1]
[107143.4, 107279.3, 214749.0, 224.2, 213.2, 219.6, 73.5]
[107083.5, 107314.9, 214352.9, 217.6, 256.5, 263.1, 74.5]
[107264.5, 107104.9, 214571.5, 221.1, 203.8, 192.4, 72.7]
[107311.5, 107271.2, 214491.2, 215.4, 207.6, 210.6, 73.1]
[107333.6, 107161.1, 214386.4, 224.2, 202.0, 211.5, 71.4]
[107254.8, 107067.5, 214537.0, 217.3, 207.5, 214.8, 70.6]
[107280.6, 107321.7, 214580.4, 216.7, 201.5, 214.4, 74.6]
[107077.9, 107226.1, 214776.8, 227.0, 222.9, 229.7, 69.5]
[107218.9, 107084.4, 214463.9, 219.3, 213.5, 211.8, 73.2]
[107093.3, 107069.4, 214471.6, 219.7, 246.3, 238.5, 73.7]
[107406.6, 107124.7, 214708.3, 232.7, 209.0, 210.0, 71.5]
[107345.1, 107129.4, 214462.3, 218.3, 233.5, 222.1, 68.8]
[107288.1, 107057.2, 214332.6, 220.3, 225.1, 235.6, 73.1]
[107227.5, 107347.0, 214552.3, 216.4, 220.4, 220.3, 77.2]
[107341.2, 107339.8, 214416.0, 224.8, 211.2, 211.0, 72.9]
[107195.3, 107162.6, 214389.0, 221.3, 234.9, 231.1, 72.9]
[107374.3, 107189.2, 214210.4, 218.1, 228.5, 232.8, 74.7]
[107278.1, 107205.0, 214217.3, 232.5, 233.2, 237.4, 71.4]
[107218.2, 107087.7, 214380.0, 228.9, 204.3, 206.8, 74.9]
[107129.9, 107207.3, 214348.3, 215.4, 246.7, 240.5, 74.7]
[107332.1, 107186.4, 214626.5, 213.7, 246.4, 235.5, 66.9]
[107267.2, 107308.5, 214334.8, 221.5, 229.9, 227.8, 66.8]
[107117.5, 107342.4, 214384.5, 221.1, 204.2, 212.4, 76.9]
[107213.0, 107319.8, 214348.9, 218.9, 213.1, 207.5, 77.4]
[107233.5, 107487.3, 214381.2, 224.0, 217.7, 213.7, 71.0]
[107207.4, 107291.6, 214635.5, 225.4, 256.7, 247.7, 72.7]
[107358.4, 107348.0, 214349.8, 225.9, 220.7, 228.7, 74.3]
[107198.6, 107423.1, 214604.4, 216.7, 210.9, 205.3, 73.5]
[107228.9, 107517.7, 214379.4, 222.4, 229.3, 229.6, 76.3]
[107015.8, 107113.6, 214811.2, 224.9, 218.1, 220.7, 70.2]
[107496.2, 107164.5, 214295.8, 213.3, 230.0, 222.6, 75.0]
[107101.5, 107368.0, 214474.9, 219.3, 199.8, 201.3, 74.4]
[107290.9, 107134.5, 214352.5, 219.4, 232.3, 220.7, 73.5]
[107146.6, 107195.0, 214346.3, 211.5, 227.3, 232.9, 68.4]
[107152.1, 107281.6, 214394.3, 226.0, 201.7, 201.5, 77.5]
[107072.0, 107452.0, 214201.2, 223.6, 211.3, 215.4, 73.2]
[107253.0, 107290.2, 214688.1, 212.5, 223.7, 220.7, 76.1]
[107170.6, 107149.1, 214519.6, 224.7, 238.9, 232.9, 72.8]
[107274.4, 107311.4, 214486.2, 214.0, 224.5, 225.8, 69.1]
[107173.6, 107190.9, 214448.9, 219.1, 219.6, 209.2, 70.9]
[107279.4, 107036.9, 214631.3, 216.9, 203.2, 196.2, 69.8]
[107272.3, 107085.3, 214586.4, 226.3, 223.1, 220.2, 72.0]
[107241.8, 107225.7, 214496.8, 227.8, 248.2, 251.6, 75.0]
[107292.5, 107293.8, 214323.5, 220.8, 207.1, 200.4, 80.2]
[107284.7, 107248.5, 214573.6, 225.8, 225.4, 226.9, 75.8]
[107368.1, 107532.7, 214453.2, 223.2, 221.0, 230.4, 77.7]
[107266.7, 107375.1, 214411.4, 218.8, 210.9, 211.8, 74.5]
[107126.5, 107258.6, 214512.4, 220.3, 199.8, 201.5, 70.8]
[107245.0, 107286.5, 214565.5, 216.8, 225.0, 224.6, 72.3]
[107164.7, 107077.7, 214143.0, 215.5, 243.8, 248.2, 75.8]
[107167.4, 107337.5, 214550.6, 209.9, 263.5, 270.5, 76.4]
[107167.2, 107370.4, 214470.3, 220.2, 210.4, 204.2, 72.7]
[107184.7, 107238.5, 214499.1, 222.0, 211.2, 207.1, 69.8]
[107361.7, 107116.4, 214218.6, 215.4, 218.6, 217.7, 70.9]
[107245.9, 107380.6, 214382.7, 213.9, 226.8, 226.8, 70.1]
[106969.2, 107102.2, 214287.5, 222.9, 220.1, 220.3, 72.5]
[107220.6, 107339.8, 214717.5, 226.0, 210.2, 216.0, 74.7]
[107215.2, 107193.1, 214561.1, 228.6, 212.3, 216.2, 75.2]
[107083.5, 107223.2, 214621.7, 218.9, 229.6, 237.5, 78.3]
[107175.7, 107190.5, 214429.6, 229.6, 212.2, 219.0, 69.6]
[107344.3, 107342.6, 214443.4, 219.6, 213.9, 218.9, 75.9]
[107342.6, 107018.2, 214193.3, 224.9, 250.1, 253.1, 75.9]
[107048.2, 107312.7, 214534.3, 221.6, 222.9, 229.8, 73.7]
[107384.0, 107307.8, 214562.5, 220.0, 203.7, 205.2, 70.2]
[107208.3, 107227.6, 214411.9, 221.6, 206.4, 202.2, 77.4]
[107258.5, 107320.9, 214441.3, 225.1, 186.9, 187.6, 72.3]
[107329.5, 107228.5, 214754.5, 221.5, 225.7, 225.2, 75.5]
[107115.3, 107165.1, 214549.8, 221.9, 210.3, 210.7, 73.8]
[107229.2, 107305.1, 214427.6, 227.8, 233.5, 220.4, 71.1]
[107175.5, 107219.9, 214481.7, 224.2, 225.4, 219.8, 77.6]
[107202.6, 107255.1, 214502.0, 220.6, 235.0, 227.4, 79.0]
[107280.8, 107255.4, 214720.1, 227.8, 212.2, 219.6, 76.8]
[107244.5, 107308.1, 214673.1, 216.2, 201.9, 206.1, 73.1]
[107272.9, 107394.7, 214493.8, 216.5, 232.1, 228.1, 70.9]
[107207.7, 107218.2, 214487.9, 225.3, 210.8, 219.1, 76.7]
[107123.3, 107207.2, 214473.7, 219.4, 240.8, 241.7, 74.2]
[107318.9, 107301.1, 214421.7, 220.2, 238.4, 237.0, 71.2]
[107269.2, 107290.8, 214526.9, 217.8, 195.3, 195.6, 72.6]
[107177.9, 107263.5, 214506.9, 215.5, 178.4, 185.5, 78.0]
[107366.1, 107283.2, 214429.8, 219.6, 210.8, 212.9, 78.3]
[107151.6, 107209.9, 214451.9, 217.6, 182.5, 182.9, 70.2]
[107294.3, 107269.5, 214427.2, 221.2, 239.2, 242.0, 74.1]
[107321.9, 107149.7, 214637.9, 221.5, 238.0, 243.5, 72.5]
[107346.4, 107280.8, 214348.1, 218.4, 225.7, 240.3, 73.7]
[107345.7, 107332.9, 214649.7, 225.7, 213.2, 208.7, 74.3]
[107196.5, 107423.6, 214274.3, 215.8, 219.7, 222.2, 70.4]
[107049.3, 107091.4, 214388.3, 215.7, 220.4, 214.6, 70.8]
[107167.6, 107094.6, 214537.1, 215.4, 236.5, 234.3, 73.5]
[107227.9, 107116.3, 214672.6, 218.8, 214.6, 210.1, 77.5]
[107182.7, 107320.2, 214443.8, 217.0, 235.8, 237.5, 71.2]
[107057.7, 107256.3, 214325.6, 214.3, 237.3, 228.6, 72.5]
[107185.9, 107095.4, 214465.3, 219.8, 232.7, 234.7, 73.6]
[107309.4, 107237.4, 214697.6, 223.7, 232.5, 233.1, 72.6]
[107112.7, 107254.2, 214483.4, 212.1, 214.7, 221.4, 70.9]
[107294.2, 107221.3, 214414.4, 218.3, 205.0, 205.5, 75.2]
[107447.0, 107258.2, 214339.6, 219.3, 212.0, 210.8, 73.3]
[107435.7, 107056.0, 214448.3, 214.1, 249.3, 248.2, 69.6]
[107258.6, 107177.5, 214553.9, 211.1, 206.4, 201.5, 73.2]
[107155.7, 107143.6, 214576.5, 221.8, 222.5, 229.2, 72.3]
[107273.0, 107335.8, 214925.6, 224.8, 214.8, 216.9, 73.6]
[107287.6, 107166.1, 214411.9, 218.9, 203.4, 211.1, 67.4]
[107188.8, 107171.0, 214275.6, 217.7, 239.4, 231.8, 73.7]
[107366.8, 107210.6, 214500.9, 223.1, 188.6, 195.3, 71.2]
[107191.7, 107140.5, 214290.9, 225.5, 196.7, 201.1, 77.8]
[107322.9, 107233.7, 214425.4, 220.7, 219.4, 230.5, 67.4]
[107197.2, 107296.3, 214646.2, 220.4, 250.5, 253.9, 73.4]
[107260.4, 107137.3, 214519.6, 222.1, 203.6, 208.5, 72.5]
[107244.7, 107145.8, 214577.0, 220.1, 207.2, 211.4, 67.6]
[107365.6, 107238.0, 214667.0, 227.3, 191.4, 200.5, 73.5]
[107331.3, 107257.1, 214516.4, 222.8, 230.5, 229.5, 67.7]
[107009.9, 107131.0, 214590.7, 216.4, 218.3, 215.3, 77.6]
[107131.5, 107226.2, 214608.7, 225.3, 226.0, 233.0, 71.8]
[107134.1, 107173.1, 214405.2, 214.8, 220.3, 220.4, 77.2]
[107155.6, 107152.9, 214464.0, 220.5, 223.4, 218.7, 71.6]
[107330.3, 107218.6, 214353.0, 221.2, 234.1, 235.7, 71.0]
[107243.0, 107174.6, 214568.3, 217.0, 225.2, 227.7, 77.6]
[107239.9, 107312.3, 214425.0, 226.5, 230.8, 238.0, 74.6]
[107283.6, 107407.7, 214522.6, 225.7, 210.8, 225.7, 71.4]
[107205.6, 107335.9, 214562.7, 219.1, 241.1, 235.3, 73.5]
[107192.1, 107337.3, 214387.3, 221.9, 220.0, 220.8, 69.6]
[107168.7, 107336.2, 214644.3, 213.9, 218.8, 216.5, 79.3]
[107193.9, 107222.1, 214430.6, 223.8, 206.2, 195.8, 73.5]
[107248.4, 107289.3, 214396.4, 221.8, 234.7, 235.2, 79.8]
[107034.1, 107093.0, 214693.5, 224.6, 205.0, 202.6, 78.7]
[107108.1, 107258.5, 214516.3, 220.0, 206.9, 198.2, 75.6]
[107291.6, 107136.7, 214422.7, 223.0, 225.1, 212.1, 72.4]
[107276.6, 107271.4, 214556.7, 214.0, 181.5, 181.5, 77.7]
[107381.9, 107176.1, 214444.9, 219.9, 197.3, 196.4, 69.5]
[107302.0, 107429.7, 214514.1, 227.1, 211.9, 220.6, 74.6]
[107257.8, 106962.8, 214512.4, 216.8, 216.9, 221.5, 70.2]
[107195.2, 107268.0, 214380.8, 224.3, 205.0, 211.4, 68.1]
[107337.1, 107184.8, 214412.6, 221.4, 206.7, 203.3, 77.5]
[107412.3, 107170.5, 214403.3, 221.8, 256.3, 241.3, 71.5]
[107022.3, 107143.5, 214564.5, 221.8, 220.1, 230.8, 76.7]
[107230.3, 107170.9, 214403.2, 212.8, 199.9, 208.5, 76.3]
[107279.4, 107083.5, 214230.4, 220.2, 228.2, 217.4, 76.1]
[107373.1, 107253.8, 214694.6, 219.9, 239.2, 240.5, 78.5]
[107197.2, 107102.0, 214491.6, 220.0, 231.9, 233.4, 73.8]
[107109.8, 107249.7, 214236.2, 216.3, 214.5, 214.6, 75.1]
[107339.2, 107300.2, 214412.5, 222.0, 217.5, 226.3, 74.3]
[107329.4, 107316.4, 214608.4, 217.2, 233.9, 235.2, 73.5]
[107324.9, 107208.4, 214410.5, 223.4, 195.8, 198.7, 70.9]
[107145.2, 107290.0, 214738.1, 211.8, 217.9, 214.8, 70.0]
[107128.1, 107401.2, 214402.0, 218.4, 247.7, 251.3, 72.4]
[107078.2, 107437.1, 214485.8, 218.2, 217.5, 215.5, 73.1]
[107299.8, 107281.7, 214568.4, 214.9, 221.5, 216.2, 74.1]
[107242.0, 107145.8, 214481.9, 227.0, 214.2, 207.4, 67.4]
[107212.8, 107223.3, 214480.7, 220.7, 254.9, 248.7, 72.5]
[107128.9, 107227.9, 214433.0, 220.8, 225.2, 225.9, 72.9]
[107038.2, 107390.7, 214522.3, 224.5, 212.4, 211.7, 75.4]
[107349.2, 107386.1, 214268.2, 225.6, 233.6, 241.1, 80.4]
[107213.6, 107302.2, 214413.7, 222.9, 221.5, 236.4, 73.0]
[107062.4, 107118.9, 214472.4, 220.0, 193.8, 202.3, 70.5]
[107087.0, 107010.6, 214548.4, 214.8, 245.2, 235.2, 73.7]
[107493.5, 107111.8, 214412.6, 220.1, 240.2, 242.4, 75.7]
[107207.2, 107204.7, 214487.0, 210.2, 204.3, 210.8, 80.8]
[107218.4, 107209.5, 214533.4, 218.1, 228.8, 224.3, 73.3]
[107400.5, 107232.0, 214483.4, 215.8, 228.8, 219.6, 75.9]
[107230.2, 107313.4, 214404.4, 211.7, 226.2, 241.6, 70.2]
[107319.3, 107244.2, 214279.2, 223.6, 205.9, 207.4, 73.1]
[107256.7, 107165.7, 214418.6, 217.8, 247.4, 239.1, 77.4]
[107267.6, 107409.9, 214593.7, 232.9, 190.5, 191.0, 71.9]
[107254.6, 107237.4, 214585.2, 226.5, 236.7, 233.2, 73.4]
[107301.3, 107130.3, 214176.0, 224.9, 236.4, 234.5, 72.0]
[107304.0, 107397.5, 214644.8, 222.3, 207.6, 196.4, 74.6]
[107176.0, 107026.5, 214512.4, 227.0, 247.7, 242.9, 72.5]
[107254.3, 107368.4, 214424.9, 222.2, 195.3, 190.7, 73.0]
[107219.9, 107184.5, 214563.1, 217.7, 216.2, 225.8, 77.2]
[107299.6, 107350.4, 214362.5, 218.7, 206.6, 205.1, 72.8]
[107186.4, 107367.8, 214471.3, 222.8, 249.6, 250.6, 79.6]
[107173.6, 107262.4, 214433.9, 220.1, 241.1, 238.5, 71.5]
[107164.1, 107179.6, 214353.5, 217.9, 221.9, 216.5, 71.0]
[107299.2, 107217.8, 214706.7, 211.5, 216.9, 229.9, 74.1]
[107239.4, 107068.3, 214498.9, 217.9, 207.1, 210.8, 71.9]
[107123.7, 107187.0, 214347.1, 214.0, 238.5, 236.2, 67.1]
[107302.3, 107330.4, 214467.3, 220.2, 234.8, 227.3, 72.9]
[107298.2, 107312.0, 214478.4, 221.7, 259.2, 255.1, 71.0]
[107250.6, 106995.9, 214511.1, 222.4, 195.6, 196.6, 74.9]
[107176.4, 107091.3, 214116.3, 223.6, 238.7, 242.9, 68.3]
[107181.6, 107434.0, 214353.8, 223.8, 200.1, 210.7, 72.1]
[107224.7, 107217.6, 214693.8, 216.3, 200.2, 201.1, 69.7]
[107174.5, 107223.0, 214484.7, 219.5, 217.8, 218.8, 71.0]
[107293.0, 107243.9, 214369.0, 225.1, 219.6, 228.5, 69.4]
[107322.8, 107308.7, 214442.7, 219.2, 222.3, 219.3, 74.8]
[107315.4, 107322.0, 214520.1, 221.0, 227.0, 225.3, 73.0]
[107140.1, 107303.9, 214467.8, 204.9, 231.5, 235.9, 69.1]
[107316.3, 107252.0, 214508.6, 225.4, 205.3, 206.8, 73.6]
[107261.5, 107011.1, 214366.2, 224.2, 250.2, 248.5, 75.1]
[107533.2, 107001.4, 214651.0, 218.8, 228.6, 225.4, 71.4]
[107182.4, 107203.9, 214370.4, 231.6, 206.4, 202.5, 74.2]
[107156.9, 107253.5, 214603.4, 217.9, 213.0, 221.4, 69.9]
[107243.7, 107336.5, 214232.1, 226.2, 250.3, 247.6, 78.8]
[107134.5, 107237.6, 214353.4, 221.9, 241.8, 246.7, 75.2]
[107253.8, 107133.8, 214055.6, 228.8, 239.6, 235.1, 73.3]
[107136.3, 107260.4, 214529.1, 220.5, 222.4, 210.2, 71.6]
[107254.7, 107440.2, 214625.4, 219.9, 219.5, 227.7, 74.0]
[107275.1, 107373.6, 214810.3, 226.7, 215.0, 201.2, 72.0]
[107281.7, 107161.9, 214791.3, 218.6, 210.8, 215.3, 76.2]
[107243.5, 107312.4, 214436.6, 223.8, 249.8, 242.8, 72.9]
[107407.2, 107058.3, 214301.2, 210.8, 236.2, 235.8, 71.3]
[107360.9, 107314.9, 214549.7, 229.8, 220.9, 224.1, 71.5]
[107374.3, 107080.3, 214362.7, 220.9, 199.4, 204.5, 74.6]
[107297.2, 107215.3, 214341.8, 220.9, 228.2, 231.9, 72.7]
[107035.2, 107125.9, 214705.2, 221.3, 233.8, 229.9, 70.5]
[107266.3, 107028.2, 214345.2, 223.4, 212.9, 216.6, 70.0]
[107368.2, 107285.1, 214557.9, 216.7, 226.3, 229.1, 75.7]
[107148.2, 107259.1, 214380.8, 213.4, 243.4, 240.6, 74.0]
[107162.4, 107230.2, 214385.8, 226.1, 222.7, 228.2, 71.1]
[107203.4, 107304.6, 214362.1, 222.5, 200.6, 204.2, 69.7]
[107173.5, 107051.4, 214459.2, 220.7, 236.6, 241.2, 72.2]
[107067.1, 107044.0, 214289.8, 218.3, 243.9, 253.2, 75.7]
[107088.4, 107400.8, 214535.5, 220.5, 239.8, 231.6, 75.2]
[107142.7, 107165.4, 214637.3, 222.7, 232.5, 225.9, 70.5]
[107277.4, 107198.6, 214331.8, 216.9, 233.9, 232.7, 73.6]
[107128.2, 107209.3, 214565.5, 221.7, 200.2, 199.7, 74.3]
[107254.2, 107183.6, 214523.3, 223.6, 238.3, 237.2, 72.6]
[107109.9, 107231.1, 214641.7, 216.2, 233.3, 229.0, 72.4]
[107300.1, 107325.4, 214544.7, 219.6, 200.6, 192.2, 70.2]
[107133.8, 107120.9, 214297.4, 228.4, 220.3, 219.5, 70.1]
[107066.1, 107354.7, 214576.9, 223.7, 205.0, 204.9, 77.1]
[107142.7, 107325.7, 214439.2, 222.9, 214.3, 207.3, 75.1]
[107303.2, 107251.6, 214513.1, 225.0, 211.5, 224.2, 71.3]
[107207.6, 107129.9, 214557.2, 217.8, 202.1, 205.3, 73.2]
[107192.3, 107099.4, 214450.9, 214.8, 203.9, 194.8, 69.6]
[107205.7, 107340.2, 214147.6, 214.4, 200.6, 203.6, 75.7]
[107367.6, 107473.6, 214527.5, 220.2, 217.8, 209.8, 76.0]
[107383.6, 107377.8, 214450.7, 224.2, 199.4, 202.3, 71.6]
[107195.0, 107137.6, 214498.9, 227.4, 210.4, 214.6, 72.0]
[107320.9, 107190.9, 214462.6, 225.3, 217.4, 216.1, 74.5]
[107321.5, 107433.4, 214704.0, 220.9, 191.6, 191.2, 72.0]
[107211.5, 107159.7, 214405.3, 216.6, 215.4, 213.5, 72.7]
[107147.6, 107241.9, 214508.3, 216.9, 232.4, 226.7, 78.9]
[107384.4, 107111.9, 214470.4, 217.4, 214.2, 202.6, 76.7]
[107290.0, 107176.7, 214385.2, 221.8, 206.2, 204.4, 70.1]
[107092.6, 107164.1, 214516.3, 209.2, 192.9, 192.6, 71.1]
[107106.6, 107380.0, 214486.4, 225.8, 235.9, 229.5, 73.2]
[107196.5, 107190.2, 214528.0, 221.7, 225.9, 225.7, 73.8]
[107210.6, 107262.1, 214637.3, 217.2, 225.8, 223.7, 73.0]
[107153.7, 107151.9, 214550.7, 225.6, 232.0, 222.2, 74.7]
[107306.1, 107236.6, 214279.9, 228.2, 233.9, 237.6, 75.1]
[107337.1, 107063.6, 214331.4, 222.1, 234.8, 242.0, 74.3]
[107278.0, 107424.7, 214315.4, 224.6, 235.4, 221.4, 70.9]
[107234.8, 107155.5, 214536.2, 216.5, 216.5, 213.8, 75.7]
[107359.6, 107274.3, 214538.2, 217.5, 200.0, 207.0, 74.8]
[107152.6, 107317.8, 214329.3, 219.8, 244.1, 245.0, 72.2]
[107116.5, 107268.1, 214712.9, 218.5, 240.6, 245.0, 75.2]
[107406.3, 107013.1, 214563.9, 228.8, 198.5, 197.6, 74.2]
[107337.4, 107263.4, 214548.7, 226.2, 212.8, 208.9, 73.9]
[107268.4, 107307.3, 214240.1, 222.9, 200.2, 214.6, 75.4]
[107133.8, 106951.8, 214522.7, 222.1, 222.7, 225.2, 75.9]
[107258.9, 107278.3, 214566.3, 218.9, 213.8, 235.4, 69.8]
[107284.0, 107201.6, 214609.1, 223.6, 239.4, 226.4, 77.5]
[107200.1, 107379.7, 214455.1, 223.1, 220.3, 229.4, 74.7]
[107285.1, 107174.5, 214780.1, 225.7, 218.0, 225.2, 75.8]
[107419.4, 107238.2, 214535.5, 223.5, 209.9, 196.3, 75.3]
[107222.2, 107087.8, 214617.1, 219.5, 215.2, 209.8, 74.3]
[107121.8, 107044.6, 214533.7, 224.3, 238.9, 239.0, 74.0]
[107242.9, 107227.1, 214353.0, 218.0, 220.4, 205.3, 71.0]
[107361.5, 107153.7, 214560.4, 215.2, 209.5, 204.4, 78.7]
[107083.2, 107247.4, 214344.1, 218.2, 215.4, 216.7, 72.7]
[107233.7, 107227.8, 214425.9, 217.2, 210.6, 204.0, 71.1]
[107236.1, 107373.5, 214325.8, 213.3, 218.5, 222.8, 73.7]
[107105.9, 107392.6, 214494.6, 213.0, 225.4, 217.3, 72.5]
[107334.7, 107207.2, 214516.4, 222.0, 198.7, 193.1, 74.4]
[107088.8, 107137.5, 214695.3, 222.8, 220.6, 221.5, 74.7]
[107190.7, 107078.8, 214585.8, 226.2, 223.4, 226.2, 71.2]
[107432.7, 107314.1, 214261.0, 216.2, 198.7, 184.5, 74.1]
[107423.8, 107368.7, 214386.7, 223.7, 220.4, 219.6, 77.4]
[107176.5, 107157.7, 214331.6, 209.0, 232.9, 234.4, 71.4]
[107337.3, 107253.1, 214682.9, 221.6, 208.7, 195.6, 74.2]
[107155.2, 107371.5, 214407.0, 218.9, 230.4, 225.1, 69.7]
[107241.8, 107183.2, 214474.6, 217.4, 206.6, 198.0, 74.9]
[107401.4, 107239.4, 214288.1, 225.7, 235.6, 232.3, 72.5]
[107313.9, 107248.2, 214720.1, 212.6, 182.0, 202.3, 74.8]
[106964.2, 107161.0, 214646.5, 223.4, 227.5, 224.1, 76.9]
[107171.2, 107166.0, 214220.9, 218.2, 213.3, 205.7, 69.3]
[107271.2, 107269.5, 214650.0, 214.8, 225.0, 226.3, 69.4]
[107241.2, 107363.5, 214372.5, 220.8, 211.8, 206.4, 74.5]
[107222.2, 107258.3, 214115.1, 218.3, 227.5, 238.0, 72.5]
[107242.2, 107302.9, 214311.3, 225.5, 205.7, 207.3, 75.5]
[107199.4, 107329.1, 214704.0, 222.8, 245.1, 234.9, 75.8]
[107182.9, 107137.8, 214423.9, 215.1, 226.2, 235.5, 73.8]
[107091.5, 107232.3, 214615.8, 215.5, 213.4, 211.7, 78.7]
[107269.6, 107496.5, 214359.6, 217.3, 203.0, 201.8, 76.2]
[107181.7, 107249.0, 214676.2, 228.8, 210.3, 208.8, 72.3]
[107189.1, 107394.3, 214535.5, 215.8, 213.9, 209.9, 74.3]
[107184.6, 107486.2, 214780.7, 232.0, 205.7, 199.7, 75.6]
[107155.5, 107353.3, 214426.8, 223.4, 265.7, 264.8, 69.7]
[107204.3, 107315.0, 214541.2, 224.1, 206.2, 196.9, 71.3]
[107473.8, 107321.3, 214292.5, 218.3, 225.7, 224.2, 75.3]
[107186.3, 107358.8, 214371.6, 216.4, 236.6, 236.9, 73.4]
[107340.6, 107437.8, 214394.7, 228.5, 239.0, 239.0, 77.8]
[107046.0, 107330.4, 214313.2, 221.6, 218.2, 216.2, 77.8]
[107221.9, 106956.9, 214684.5, 211.8, 231.9, 227.7, 73.8]
[107147.5, 106961.3, 214564.4, 224.2, 229.9, 224.4, 72.1]
[107193.6, 107261.0, 214585.2, 222.8, 207.9, 214.6, 76.8]
[107282.8, 107168.7, 214616.2, 223.7, 250.7, 252.2, 76.8]
[107435.3, 107328.0, 214018.9, 222.0, 218.3, 215.3, 72.5]
[107112.2, 107296.7, 214301.0, 217.5, 207.6, 209.7, 72.7]
[107372.1, 107164.2, 214375.8, 217.7, 220.9, 225.4, 74.1]
[107282.0, 107387.8, 214662.5, 213.0, 229.4, 222.9, 72.4]
[107225.4, 107033.1, 214321.1, 225.2, 259.1, 266.3, 78.1]
[107252.2, 107146.4, 214827.2, 220.9, 200.7, 217.7, 73.9]
[107254.7, 107222.8, 214459.9, 220.1, 207.1, 214.1, 74.4]
[107147.4, 107092.1, 214680.4, 222.5, 231.0, 235.2, 80.8]
[107188.6, 107367.4, 214694.2, 227.9, 231.1, 233.7, 75.2]
[107203.0, 107277.6, 214504.7, 223.4, 209.8, 203.0, 69.2]
[107335.3, 107241.9, 214554.0, 220.1, 196.6, 203.5, 70.1]
[107270.0, 107294.8, 214616.0, 231.4, 229.3, 241.8, 75.2]
[107366.1, 107047.1, 214517.0, 220.0, 197.6, 197.4, 77.2]
[107177.4, 107267.4, 214662.5, 219.3, 211.9, 208.7, 72.4]
[107217.5, 106981.8, 214332.4, 229.2, 233.8, 235.4, 74.7]
[107291.6, 107342.2, 214385.7, 227.1, 225.5, 209.4, 75.3]
[107228.4, 107368.5, 214446.8, 225.1, 225.7, 238.9, 71.8]
[107231.6, 107036.3, 214698.7, 218.2, 235.2, 233.0, 68.5]
[107414.3, 107114.6, 214342.5, 226.1, 228.5, 224.6, 69.5]
[107192.4, 107381.5, 214307.6, 217.5, 214.1, 214.4, 69.0]
[107283.5, 107294.3, 214543.6, 217.8, 224.0, 217.1, 75.7]
[107423.2, 107321.8, 214538.3, 224.2, 188.1, 191.4, 77.3]
[107355.3, 107255.5, 214675.5, 225.3, 210.9, 202.1, 77.3]
[107233.6, 107338.4, 214292.7, 226.9, 221.7, 237.3, 74.4]
[107296.3, 107269.0, 214431.2, 213.3, 203.7, 203.8, 72.7]
[107390.2, 107280.6, 214511.9, 221.0, 203.3, 212.8, 68.5]
[107330.5, 107084.3, 214875.3, 223.2, 202.8, 199.4, 72.0]
[107167.0, 107276.2, 214574.4, 218.0, 221.0, 218.0, 74.5]
[107178.0, 107107.8, 214436.9, 220.5, 223.8, 235.1, 77.8]
[107085.2, 107186.0, 214462.4, 231.4, 232.7, 240.8, 78.7]
[107398.0, 107159.5, 214456.5, 226.4, 230.2, 224.1, 71.7]
[107328.7, 107146.6, 214742.9, 214.5, 205.3, 203.2, 75.7]
[107334.9, 107255.4, 214479.3, 229.6, 206.8, 207.8, 76.2]
[107336.8, 107173.9, 214728.1, 226.6, 251.2, 243.0, 79.1]
[107246.9, 107319.8, 214264.4, 226.4, 203.3, 198.5, 77.4]
[107218.0, 107300.3, 214313.6, 212.7, 231.7, 225.0, 71.5]
[107261.5, 107093.7, 214095.0, 220.9, 253.8, 260.0, 77.4]
[107042.2, 107305.5, 214581.5, 224.5, 227.5, 229.2, 72.5]
[107344.4, 107231.0, 214549.7, 225.1, 248.8, 240.8, 73.7]
[107104.1, 107121.0, 214611.2, 223.8, 215.1, 209.4, 67.0]
[107176.0, 107352.4, 214411.8, 223.4, 236.9, 231.1, 75.6]
[107260.7, 107278.1, 214717.4, 220.4, 225.4, 226.7, 73.7]
[107343.5, 107159.2, 214352.0, 214.6, 233.1, 246.5, 73.5]
[107277.4, 107240.6, 214305.6, 217.3, 202.2, 211.2, 73.4]
[107264.6, 107199.1, 214516.2, 222.8, 232.4, 230.4, 76.5]
[107261.5, 107197.1, 214384.7, 223.5, 278.9, 277.3, 74.0]
[107404.5, 107338.1, 214296.6, 221.6, 216.2, 212.1, 72.4]
[107342.3, 107052.3, 214711.2, 226.6, 205.2, 206.5, 72.5]
[107170.7, 107238.0, 214524.4, 216.5, 224.4, 223.1, 72.6]
[107293.3, 107585.3, 214574.9, 222.5, 221.4, 228.1, 72.6]
[107060.4, 107316.9, 214399.7, 231.4, 205.3, 204.8, 70.5]
[107221.3, 107370.5, 214417.3, 222.1, 221.2, 211.5, 69.0]
[107138.2, 107316.9, 214646.0, 220.7, 226.9, 214.8, 73.4]
[107202.1, 107169.7, 214443.3, 219.1, 206.0, 198.4, 70.0]
[107333.4, 107231.6, 214341.4, 234.7, 219.1, 212.1, 72.4]
[107205.1, 107247.0, 214470.5, 228.5, 241.5, 246.7, 76.0]
[107167.0, 107116.8, 214589.8, 225.2, 205.8, 212.8, 73.6]
[107316.7, 107288.9, 214636.1, 218.6, 209.8, 205.9, 75.9]
[107257.3, 107265.9, 214600.5, 224.6, 205.0, 211.8, 69.9]
[107132.8, 107199.6, 214793.7, 225.1, 172.8, 174.0, 76.8]
[107214.6, 107149.4, 214428.4, 220.1, 244.3, 233.2, 70.6]
[107326.7, 107128.8, 214401.9, 212.5, 234.5, 253.6, 73.9]
[107184.3, 107410.6, 214574.0, 221.6, 233.8, 228.5, 77.7]
[107302.6, 107354.9, 214369.1, 219.2, 231.0, 211.6, 77.1]
[107291.3, 107340.9, 214528.4, 226.3, 221.4, 218.6, 77.3]
[107281.5, 107266.2, 214487.0, 223.9, 225.9, 222.0, 71.3]
[107234.1, 107310.6, 214406.8, 218.9, 198.7, 197.0, 73.4]
[107184.7, 107386.4, 214624.8, 226.3, 226.4, 228.1, 75.4]
[107155.0, 107199.1, 214432.8, 221.5, 230.9, 234.9, 69.8]
[107330.1, 107362.6, 214242.3, 212.9, 235.5, 235.3, 74.9]
[107045.0, 107092.9, 214658.4, 224.9, 210.4, 199.3, 74.0]
[107287.8, 107287.3, 214534.3, 221.3, 215.7, 209.1, 71.8]
[107236.9, 107062.5, 214475.6, 228.1, 212.8, 199.8, 78.2]
[107080.9, 107080.7, 214473.4, 220.7, 230.8, 231.0, 71.6]
[107245.2, 107060.8, 214648.1, 223.7, 231.4, 227.8, 71.5]
[107218.6, 107180.6, 214480.2, 221.0, 222.1, 230.5, 70.8]
[107228.3, 107269.8, 214289.0, 223.4, 237.9, 243.3, 73.6]
[107234.8, 107239.7, 214387.0, 224.1, 207.3, 214.5, 71.6]
[107305.2, 107089.3, 214357.4, 219.3, 239.5, 239.3, 75.6]
[107156.2, 107260.1, 214464.9, 230.2, 245.0, 246.4, 74.1]
[107276.5, 107257.4, 214344.1, 224.3, 206.7, 205.6, 76.5]
[107097.5, 107335.1, 214346.3, 223.9, 252.0, 249.8, 78.6]
[107219.1, 107160.8, 214599.2, 222.1, 232.2, 224.5, 75.9]
[107049.7, 107321.6, 214436.1, 222.4, 208.8, 216.5, 76.2]
[107289.8, 107509.9, 214310.8, 227.7, 204.6, 203.3, 73.1]
[107384.3, 107352.1, 214596.7, 226.9, 244.4, 233.7, 78.7]
[107343.4, 107075.8, 214530.7, 216.4, 215.0, 218.7, 69.7]
[107327.0, 107312.8, 214285.3, 217.7, 194.6, 194.2, 68.5]
[107399.4, 107163.8, 214499.6, 220.3, 188.1, 192.7, 77.1]
[107251.8, 107327.1, 214598.4, 223.6, 229.8, 229.3, 74.9]
[107272.6, 107169.7, 214449.2, 211.4, 213.2, 218.3, 74.9]
[107184.8, 107168.7, 214633.5, 232.6, 215.5, 222.0, 74.1]
[107142.7, 107395.5, 214695.1, 216.6, 219.3, 216.1, 77.7]
[107366.1, 106985.0, 214227.5, 229.7, 259.5, 258.0, 71.7]
[107207.2, 107154.6, 214595.7, 225.2, 226.5, 232.7, 73.1]
[107436.5, 107295.3, 214652.5, 217.0, 206.7, 208.9, 73.4]
[107089.2, 107151.8, 214475.5, 217.4, 215.7, 211.6, 73.3]
[107276.7, 107252.0, 214521.0, 212.2, 202.1, 196.2, 76.5]
[107236.5, 107287.5, 214572.4, 215.4, 202.3, 207.7, 75.6]
[107185.3, 107135.3, 214365.0, 216.7, 257.7, 252.7, 74.7]
[107392.5, 107185.2, 214522.0, 217.2, 216.0, 205.0, 71.5]
[107120.1, 107354.7, 214649.5, 226.4, 199.3, 199.4, 70.3]
[107238.6, 107286.9, 214336.5, 217.3, 216.3, 222.6, 71.2]
[107169.4, 107165.2, 214603.0, 220.0, 226.4, 218.4, 71.6]
[107147.8, 107266.4, 214364.5, 215.1, 233.3, 238.0, 74.7]
[107197.7, 107023.9, 214254.9, 223.2, 226.8, 225.3, 74.2]
[107285.1, 107078.5, 214610.6, 220.2, 215.5, 226.8, 72.6]
[107223.6, 107475.0, 214495.7, 224.2, 224.6, 221.0, 73.3]
[107315.5, 107271.5, 214194.6, 216.4, 220.9, 222.6, 72.6]
[107335.3, 107217.5, 214606.4, 217.0, 228.1, 226.1, 77.8]
[107380.2, 107179.6, 214320.0, 226.5, 219.6, 214.6, 75.2]
[107078.4, 107331.2, 214623.7, 225.7, 228.0, 227.8, 75.9]
[107316.2, 107333.4, 214269.2, 225.0, 221.8, 226.0, 78.8]
[107209.3, 107039.3, 214143.5, 214.8, 235.6, 241.3, 72.2]
[107189.4, 107053.8, 214557.4, 221.6, 245.7, 236.0, 82.6]
[107293.8, 107257.3, 214565.5, 219.6, 229.7, 224.1, 70.3]
[107206.6, 107332.3, 214751.5, 217.8, 224.0, 228.2, 69.3]
[107143.5, 107340.6, 214331.0, 221.2, 224.2, 218.5, 70.7]
[107336.7, 107164.0, 214325.7, 217.1, 237.5, 228.6, 76.2]
[107114.8, 107046.3, 214596.6, 223.7, 212.1, 214.0, 73.7]
[107300.9, 107134.7, 214649.1, 216.0, 213.8, 214.3, 78.7]
[107263.3, 107319.9, 214534.7, 220.3, 204.9, 195.7, 75.5]
[107202.5, 107331.0, 214320.9, 223.3, 192.6, 193.6, 72.3]
[107492.6, 107208.8, 214525.2, 221.4, 218.4, 225.1, 76.0]
[107243.8, 107198.8, 214454.9, 221.6, 194.5, 194.9, 73.8]
[107309.9, 107202.9, 214725.0, 213.2, 200.2, 198.7, 72.4]
[107303.4, 107192.2, 214631.1, 225.9, 202.3, 191.6, 74.5]
[107302.4, 107174.7, 214355.2, 214.6, 206.6, 204.2, 76.7]
[107229.9, 107275.2, 214549.3, 210.6, 221.2, 232.1, 78.1]
[107183.7, 107027.4, 214549.7, 221.3, 206.9, 202.6, 73.4]
[107469.5, 107302.1, 214407.5, 228.3, 198.4, 208.8, 75.6]
[107263.1, 107247.0, 214447.4, 215.5, 237.7, 236.0, 76.7]
[106987.8, 107280.3, 214479.7, 215.3, 237.5, 249.5, 70.2]
[107213.7, 107173.4, 214606.2, 216.5, 210.7, 216.2, 79.1]
[107320.0, 107232.4, 214237.2, 225.8, 216.5, 226.4, 74.4]
[107315.4, 107477.2, 214708.0, 218.0, 226.4, 233.2, 75.8]
[107335.8, 107375.2, 214577.7, 214.7, 211.4, 205.5, 77.8]
[107293.7, 107057.0, 214350.8, 212.2, 221.6, 232.6, 70.6]
[107216.2, 107284.8, 214309.4, 215.2, 211.7, 200.6, 80.3]
[107269.7, 107360.3, 214434.1, 218.8, 228.1, 236.3, 74.2]
[107293.1, 107343.1, 214416.2, 217.5, 212.9, 213.8, 70.7]
[107269.4, 107278.3, 214283.5, 221.8, 197.4, 197.7, 71.8]
[107236.9, 107234.9, 214567.3, 212.5, 197.8, 210.1, 75.4]
[107394.2, 107264.4, 214603.6, 219.1, 212.3, 218.6, 76.3]
[107424.8, 107274.1, 214417.7, 224.7, 232.2, 231.0, 72.2]
[107255.5, 107202.1, 214517.4, 221.2, 216.0, 224.5, 72.6]
[107401.1, 107297.5, 214526.2, 217.2, 211.6, 212.0, 68.7]
[107188.9, 107196.3, 214502.3, 217.6, 236.2, 218.0, 75.1]
[107396.6, 107478.6, 214374.2, 215.9, 207.5, 203.0, 76.8]
[107070.0, 107440.4, 214682.3, 223.5, 217.4, 216.6, 70.9]
[107292.5, 107342.5, 214402.4, 224.1, 211.3, 212.6, 73.7]
[107376.8, 107499.8, 214532.1, 224.7, 237.1, 237.1, 73.5]
[107214.9, 107441.3, 214607.0, 224.0, 202.4, 201.7, 77.4]
[106964.8, 107193.6, 214270.0, 226.5, 225.6, 226.3, 72.2]
[107159.0, 107190.3, 214482.2, 224.9, 245.3, 241.7, 74.6]
[107255.5, 107187.0, 214595.0, 221.4, 207.3, 205.1, 73.5]
[107300.9, 107199.8, 214339.0, 223.1, 199.9, 202.7, 73.4]
[107332.3, 107222.9, 214260.6, 224.5, 195.7, 207.4, 73.1]
[107254.6, 107151.8, 214540.4, 220.6, 194.5, 203.0, 74.4]
[107252.3, 107227.2, 214780.2, 226.0, 193.6, 196.2, 74.8]
[107226.7, 107093.5, 214273.2, 220.8, 216.5, 213.9, 72.8]
[107187.8, 107391.6, 214375.0, 223.5, 233.8, 235.5, 71.5]
[107217.3, 107430.8, 214633.3, 223.8, 218.6, 216.2, 77.4]
[107202.1, 107178.7, 214523.8, 217.7, 201.0, 207.8, 68.7]
[107160.1, 107223.5, 214429.0, 216.9, 212.9, 213.9, 74.7]
[107308.5, 107231.4, 214255.1, 225.2, 167.8, 163.5, 73.1]
[107312.1, 107166.5, 214695.3, 224.2, 205.5, 201.7, 77.9]
[107237.5, 107189.8, 214371.9, 220.6, 224.1, 219.4, 76.9]
[107226.8, 107326.5, 214627.9, 217.6, 215.3, 217.0, 72.6]
[107315.1, 107214.0, 214530.7, 217.7, 218.8, 217.3, 72.7]
[107318.2, 107282.0, 214266.2, 226.7, 209.9, 209.3, 75.5]
[107178.2, 107128.0, 214792.4, 218.1, 216.4, 216.7, 79.2]
[107271.9, 107107.3, 214597.7, 223.1, 222.3, 217.8, 72.0]
[107206.7, 107139.2, 214573.8, 216.1, 201.5, 204.3, 74.1]
[107216.4, 107190.6, 214552.7, 218.3, 206.4, 212.2, 73.4]
[107242.0, 107238.7, 214540.6, 224.5, 230.6, 230.8, 74.7]
[107364.0, 107260.6, 214353.8, 230.0, 218.3, 223.2, 72.5]
[107523.5, 107210.1, 214448.2, 220.1, 218.3, 213.3, 74.9]
[107072.0, 107392.7, 214674.7, 213.9, 208.9, 207.1, 73.4]
[107288.3, 107191.5, 214732.2, 232.3, 217.2, 209.5, 73.1]
[107391.3, 107258.5, 214565.4, 226.3, 238.6, 244.3, 75.5]
[107275.9, 107390.8, 214354.2, 221.6, 209.2, 207.2, 71.6]
[107133.9, 107203.3, 214483.0, 218.0, 250.1, 251.4, 72.5]
[107370.9, 107122.3, 214505.7, 215.9, 236.6, 226.3, 68.3]
[107274.6, 107452.2, 214654.7, 223.2, 214.0, 215.9, 76.9]
[107205.0, 107357.5, 214590.7, 222.9, 190.6, 195.6, 76.0]
[107143.1, 107036.0, 214615.8, 222.2, 241.6, 243.6, 71.3]
[107196.6, 107299.3, 214627.5, 218.8, 237.3, 236.5, 71.4]
[107210.9, 107185.7, 214273.6, 221.7, 229.4, 237.3, 74.8]
[107181.1, 107180.0, 214083.3, 222.9, 289.3, 279.6, 77.1]
[107188.6, 107223.0, 214463.8, 214.5, 206.2, 219.4, 77.5]
[107253.3, 107311.5, 214565.3, 224.4, 211.9, 204.0, 77.4]
[107449.8, 107309.1, 214459.3, 209.0, 224.1, 223.2, 73.9]
[107315.8, 107510.5, 214243.6, 227.5, 204.5, 209.7, 75.2]
[107147.2, 107088.4, 214411.7, 209.3, 244.2, 247.0, 74.2]
[107271.7, 107124.1, 214598.8, 222.7, 228.5, 229.8, 69.7]
[107277.5, 107342.1, 214501.0, 224.0, 217.6, 227.6, 77.4]
[107278.8, 107116.0, 214401.6, 214.1, 227.6, 235.6, 72.0]
[107162.7, 107292.1, 214441.6, 223.3, 224.4, 222.9, 73.8]
[107158.2, 107343.1, 214536.9, 216.9, 207.6, 202.5, 79.2]
[107333.1, 107296.8, 214544.8, 217.6, 198.0, 197.1, 70.0]
[107231.2, 107140.0, 214511.8, 224.0, 229.0, 221.5, 69.8]
[107327.3, 107080.0, 214220.4, 220.4, 243.2, 235.9, 73.0]
[107129.9, 107366.5, 214365.6, 218.1, 197.5, 200.0, 74.5]
[107224.6, 107201.5, 214361.1, 225.6, 217.0, 213.6, 72.3]
[107186.0, 107213.0, 214394.3, 225.5, 223.8, 226.4, 79.8]
[107119.8, 107256.4, 214492.9, 222.8, 187.4, 195.7, 71.8]
[107329.4, 107183.3, 214351.3, 220.3, 252.9, 243.7, 74.3]
[107115.1, 107263.1, 214777.6, 225.4, 238.9, 237.7, 77.9]
[107069.6, 107191.4, 214409.1, 221.9, 211.3, 215.6, 70.5]
[107236.3, 107291.9, 214404.4, 221.1, 236.4, 247.3, 73.9]
[107377.1, 107227.5, 214718.7, 216.5, 216.6, 216.9, 72.8]
[106996.0, 107172.2, 214468.6, 223.7, 223.4, 226.4, 77.8]
[107107.6, 107214.4, 214257.6, 219.6, 220.8, 220.5, 73.9]
[107241.1, 107215.5, 214377.8, 211.7, 217.7, 216.7, 69.3]
[107320.0, 107314.2, 214777.5, 218.9, 217.9, 216.3, 73.0]
[107289.2, 107225.1, 214436.5, 229.9, 217.9, 210.6, 73.7]
[107177.9, 107375.8, 214398.4, 227.0, 189.8, 198.4, 75.6]
[107032.2, 107184.3, 214255.4, 219.6, 244.2, 243.1, 72.2]
[107116.8, 107274.1, 214272.9, 222.1, 236.1, 232.2, 75.6]
[107087.5, 107321.8, 214625.6, 219.9, 218.2, 215.1, 70.1]
[107214.4, 107164.7, 214686.6, 210.7, 219.5, 226.4, 77.1]
[107265.8, 107249.0, 214652.5, 218.7, 201.6, 193.3, 77.7]
[107258.2, 107210.7, 214238.1, 224.7, 224.6, 223.6, 70.2]
[107159.6, 107258.9, 214411.8, 224.0, 226.4, 224.5, 76.4]
[107108.2, 107329.1, 214426.8, 219.3, 238.3, 241.4, 70.6]
[107165.9, 107357.2, 214289.3, 218.9, 222.3, 227.4, 74.3]
[107226.2, 107012.4, 214648.1, 221.1, 206.8, 205.4, 73.3]
[107097.0, 107220.6, 214416.2, 224.0, 202.0, 194.1, 74.7]
[107071.8, 107121.1, 214247.9, 209.2, 248.5, 243.0, 74.9]
[107115.5, 107214.7, 214548.5, 218.7, 201.4, 198.2, 75.4]
[107250.0, 107072.9, 214831.6, 218.2, 186.0, 191.0, 78.6]
[107551.7, 107182.4, 214161.7, 220.8, 220.4, 218.0, 72.7]
[107228.9, 107191.9, 214469.8, 222.8, 235.0, 232.1, 74.4]
[107309.8, 107169.5, 214694.7, 227.0, 187.2, 198.4, 77.7]
[107211.3, 107297.2, 214510.0, 214.6, 226.3, 220.7, 70.2]
[107375.7, 107311.6, 214400.0, 223.9, 197.7, 195.2, 75.2]
[107196.6, 107124.3, 214371.4, 217.2, 247.2, 255.5, 70.7]
[107145.4, 107149.2, 214325.4, 226.2, 216.2, 218.7, 74.6]
[107133.1, 107048.9, 214348.1, 220.1, 238.5, 238.1, 74.6]
[107244.6, 107187.2, 214920.2, 215.0, 200.2, 200.3, 74.6]
[107120.6, 107347.5, 214636.6, 222.1, 192.3, 188.7, 71.9]
[107376.5, 107399.1, 214255.3, 221.9, 188.5, 188.8, 75.5]
[107100.9, 107305.0, 214302.6, 219.7, 205.7, 207.6, 72.3]
[107338.9, 107125.9, 214396.4, 224.1, 197.8, 202.6, 72.6]
[107030.9, 107357.4, 214377.8, 224.3, 244.2, 241.6, 71.2]
[107223.5, 107077.8, 214220.2, 227.7, 228.2, 234.3, 73.5]
[107442.9, 107248.4, 214393.4, 218.4, 238.4, 238.4, 73.9]
[107454.0, 107284.0, 214535.5, 216.2, 199.8, 199.0, 73.1]
[107228.8, 107427.4, 214786.0, 228.3, 175.9, 170.6, 72.5]
[107226.1, 107214.8, 214587.5, 217.1, 209.2, 203.8, 75.2]
[107099.1, 107208.3, 214475.2, 220.0, 211.1, 221.5, 73.0]
[107270.4, 107123.3, 214474.4, 219.1, 217.8, 228.2, 72.5]
[107236.4, 107319.8, 214537.7, 227.7, 210.8, 214.2, 73.7]
[107235.8, 107240.6, 214439.3, 218.4, 236.9, 238.3, 67.7]
[107147.7, 107263.7, 214488.7, 218.9, 223.7, 220.9, 73.0]
[107254.1, 107174.1, 214493.2, 221.9, 197.4, 206.6, 74.7]
[107269.6, 107095.1, 214586.3, 224.6, 190.5, 178.1, 73.6]
[107112.6, 107063.1, 214602.5, 218.1, 210.4, 207.9, 71.4]
[107283.7, 107267.9, 214815.5, 226.9, 212.8, 220.6, 72.8]
[107334.8, 107220.8, 214360.2, 221.6, 214.6, 225.0, 72.0]
[107408.8, 107153.0, 214267.7, 221.9, 214.1, 211.6, 75.0]
[107111.7, 107216.2, 214585.6, 220.8, 209.7, 204.3, 75.6]
[107242.1, 107289.7, 214426.8, 226.0, 218.6, 226.3, 77.0]
[107228.8, 107092.1, 214403.0, 215.4, 215.0, 228.9, 75.0]
[107186.4, 107291.4, 214510.2, 223.7, 209.1, 212.1, 76.5]
[107250.0, 107079.0, 214560.6, 222.5, 221.0, 229.0, 78.8]
[107197.9, 107110.1, 214664.2, 223.6, 214.4, 207.9, 66.7]
[107117.5, 107177.4, 214457.5, 227.7, 211.9, 202.4, 77.9]
[107443.1, 107073.4, 214317.0, 224.8, 205.4, 206.6, 76.0]
[107136.0, 107426.8, 214628.4, 225.8, 239.7, 232.4, 72.4]
[107316.1, 107301.6, 214617.6, 224.0, 246.5, 246.8, 76.9]
[107118.8, 107130.4, 214508.7, 222.0, 280.8, 277.6, 75.9]
[107242.8, 107356.2, 214590.2, 231.0, 233.7, 229.7, 72.3]
[107223.4, 107303.9, 214316.6, 219.0, 220.8, 231.3, 70.8]
[107080.0, 107101.7, 214387.7, 219.8, 242.9, 239.9, 73.7]
[107136.3, 107176.6, 214527.6, 218.1, 222.6, 220.4, 74.2]
[107522.6, 107231.5, 214467.8, 223.7, 172.8, 168.9, 70.7]
[107313.0, 107261.6, 214580.6, 218.4, 226.9, 220.1, 74.2]
[107278.6, 107314.8, 214564.4, 220.9, 232.6, 226.4, 75.9]
[107193.6, 107373.7, 214330.2, 229.0, 220.2, 217.1, 74.4]
[107189.4, 107179.0, 214539.1, 219.9, 236.3, 241.2, 72.8]
[107276.1, 107188.9, 214481.4, 222.1, 227.7, 234.1, 73.1]
[107320.0, 107199.7, 214604.0, 226.3, 210.8, 214.1, 67.8]
[107162.7, 107265.0, 214367.4, 226.4, 224.6, 225.2, 70.7]
[107231.3, 107159.1, 214632.8, 227.5, 235.1, 240.5, 74.7]
[107163.9, 107200.3, 214063.2, 225.0, 225.2, 218.4, 68.1]
[107290.4, 107290.4, 214429.8, 225.3, 190.1, 196.9, 80.0]
[107332.7, 107176.7, 214252.9, 218.7, 198.5, 199.6, 74.6]
[107198.0, 107096.5, 214280.2, 222.3, 244.3, 241.3, 73.7]
[107197.9, 107202.3, 214424.3, 216.7, 226.1, 223.5, 70.6]
[107215.5, 107383.5, 214547.5, 226.6, 236.2, 238.2, 68.8]
[107257.5, 107180.2, 214237.6, 221.8, 257.7, 263.7, 70.8]
[107391.2, 107276.7, 214420.0, 225.9, 193.3, 205.3, 73.2]
[107310.5, 107238.6, 214570.3, 213.8, 217.5, 216.0, 70.5]
[107288.1, 107314.0, 214489.8, 215.6, 202.3, 210.8, 77.0]
[107168.2, 107091.3, 214373.1, 228.4, 241.5, 247.5, 73.2]
[107414.1, 107457.7, 214505.9, 217.0, 191.1, 187.2, 72.8]
[107336.9, 107054.8, 214458.7, 218.1, 224.1, 228.5, 72.6]
[107211.7, 107157.6, 214247.5, 223.2, 222.1, 222.5, 76.0]
[107484.8, 107238.2, 214494.7, 227.1, 217.7, 210.8, 73.8]
[107265.4, 107135.3, 214596.7, 220.6, 222.3, 204.9, 70.7]
[107155.1, 107244.1, 214399.9, 232.3, 200.7, 195.0, 75.8]
[107335.5, 107175.7, 213990.6, 215.4, 234.9, 230.7, 72.1]
[107392.7, 107346.2, 214643.7, 220.6, 212.4, 205.6, 72.0]
[107292.5, 107270.5, 214849.1, 222.2, 211.8, 217.8, 74.1]
[107227.4, 107222.3, 214550.7, 218.8, 210.2, 209.6, 79.4]
[107191.3, 107188.2, 214337.1, 226.3, 210.6, 204.4, 73.1]
[107202.9, 107283.4, 214702.0, 222.9, 189.6, 186.8, 75.2]
[107348.4, 107200.7, 214656.7, 221.3, 192.2, 198.1, 63.9]
[106972.6, 107169.3, 214662.9, 212.6, 240.0, 232.6, 75.3]
[107485.5, 107156.7, 214354.3, 223.7, 219.8, 211.0, 79.0]
[107213.8, 107153.7, 214657.4, 221.5, 225.1, 225.4, 73.7]
[107602.0, 107327.8, 214410.0, 214.0, 199.4, 208.8, 81.6]
[107267.4, 107146.7, 214777.6, 217.9, 194.4, 199.9, 73.2]
[107032.7, 107440.6, 214785.6, 228.1, 209.5, 208.8, 73.6]
[107180.2, 107143.3, 214495.0, 220.2, 190.9, 196.0, 67.7]
[107208.8, 107185.2, 214553.4, 221.8, 235.5, 233.1, 78.6]
[107170.8, 107278.4, 214287.8, 219.7, 237.2, 232.0, 78.5]
[107190.8, 107221.3, 214529.5, 209.2, 196.1, 201.4, 78.3]
[107197.8, 107164.2, 214610.1, 217.6, 201.1, 206.8, 74.3]
[107149.1, 107196.5, 214104.7, 218.9, 225.2, 227.0, 74.5]
[107207.5, 107416.2, 214330.1, 219.5, 233.8, 222.7, 73.3]
[107301.6, 107239.2, 214503.8, 224.5, 245.6, 237.5, 72.2]
[107260.1, 107238.0, 214396.5, 218.9, 251.4, 245.6, 76.0]
[107218.3, 107249.0, 214328.2, 220.5, 206.6, 203.2, 74.8]
[107223.1, 107236.1, 214429.5, 221.3, 227.7, 225.8, 71.5]
[107236.0, 107226.0, 214734.4, 228.8, 170.4, 172.5, 75.6]
[107259.9, 107155.4, 214178.8, 231.6, 210.0, 216.3, 71.5]
[107252.8, 107355.2, 214409.1, 217.8, 227.0, 232.3, 73.7]
[107306.5, 107340.9, 214583.3, 218.8, 188.4, 184.1, 72.9]
[107214.3, 107135.6, 214808.2, 215.2, 239.3, 240.1, 75.2]
[107170.9, 107268.0, 214232.1, 228.4, 206.3, 209.1, 75.4]
[107250.4, 107266.0, 214291.8, 217.1, 193.7, 194.8, 72.9]
[107214.4, 107192.9, 214292.0, 220.0, 239.8, 241.1, 72.6]
[107260.1, 107126.4, 214243.5, 225.0, 237.3, 228.6, 75.2]
[107451.7, 107306.7, 214498.0, 216.1, 205.1, 204.5, 71.2]
[107294.2, 107199.3, 214993.0, 216.7, 195.1, 211.4, 76.7]
[107278.8, 107184.0, 214358.2, 227.1, 243.7, 231.6, 72.3]
[107198.5, 107194.0, 214463.3, 217.5, 231.0, 225.3, 74.1]
[107450.8, 107247.9, 214546.8, 222.5, 192.0, 199.8, 73.0]
[107094.1, 107359.6, 214145.2, 215.0, 216.7, 212.4, 70.6]
[107398.2, 107385.9, 214480.5, 214.2, 218.6, 227.0, 75.4]
[107368.6, 107016.5, 214312.6, 228.7, 218.3, 220.7, 68.2]
[107263.2, 107271.9, 214393.4, 217.8, 213.0, 212.0, 68.7]
[107045.9, 107087.2, 214440.8, 221.2, 254.8, 254.9, 73.8]
[107163.8, 107354.0, 214619.9, 213.1, 231.1, 227.7, 70.2]
[107447.6, 107385.7, 214575.7, 225.0, 198.1, 200.0, 75.6]
[107122.7, 107137.3, 214384.3, 220.5, 246.8, 246.3, 73.0]
[107167.7, 107360.0, 214475.4, 230.6, 197.7, 202.9, 77.2]
[106996.0, 107138.3, 214678.1, 218.6, 221.5, 219.6, 73.5]
[107128.8, 107213.7, 214727.3, 222.1, 220.2, 214.7, 76.4]
[107281.2, 107134.9, 214469.9, 211.3, 221.4, 224.1, 71.6]
[107147.4, 107249.1, 214540.9, 211.9, 201.9, 195.9, 67.2]
[107139.7, 107278.1, 214320.7, 220.1, 225.9, 220.9, 74.6]
[107260.5, 107337.9, 214632.3, 215.2, 229.0, 218.2, 71.2]
[107505.0, 107131.8, 213961.8, 219.7, 198.1, 198.8, 72.9]
[107301.3, 107124.4, 214396.5, 220.6, 230.3, 239.0, 72.4]
[107453.6, 107027.7, 214493.9, 221.2, 237.4, 237.9, 73.6]
[107264.3, 107097.4, 214375.9, 219.1, 196.9, 199.2, 76.4]
[107112.4, 107009.5, 214309.7, 224.7, 217.3, 228.4, 75.7]
[107106.6, 106965.7, 214418.3, 218.1, 238.2, 238.7, 71.0]
[107270.0, 107437.9, 214429.0, 222.2, 226.4, 239.1, 75.1]
[107228.1, 107228.4, 214425.0, 214.3, 230.3, 238.4, 67.6]
[107481.5, 107159.8, 214409.1, 217.8, 212.0, 205.3, 73.3]
[107339.2, 107171.3, 214763.5, 221.7, 205.9, 201.1, 69.2]
[107243.5, 107342.3, 214537.0, 220.3, 213.7, 204.9, 71.2]
[107294.2, 107009.8, 214598.3, 218.1, 260.2, 249.9, 75.3]
[107042.5, 107259.0, 214718.1, 215.7, 234.6, 238.3, 77.5]
[107218.6, 107271.2, 214384.8, 222.8, 259.7, 257.5, 71.9]
[107171.6, 107260.0, 214700.9, 220.6, 209.9, 219.5, 78.1]
[107308.1, 107138.5, 214630.3, 221.5, 267.9, 258.9, 71.7]
[107352.0, 107126.4, 214399.3, 224.4, 237.4, 242.2, 71.8]
[107157.1, 107128.1, 214590.5, 225.5, 228.1, 235.2, 69.8]
[107244.2, 107176.5, 214358.0, 227.8, 265.7, 265.7, 72.1]
[107275.0, 107158.9, 214596.0, 214.5, 217.5, 222.2, 72.3]
[107266.5, 107221.0, 214350.6, 217.6, 202.8, 203.2, 73.1]
[107033.2, 107405.2, 214395.5, 219.3, 216.9, 218.0, 80.7]
[107322.0, 107272.0, 214563.1, 223.9, 230.6, 242.2, 75.7]
[107203.1, 107116.4, 214291.6, 226.2, 237.1, 237.8, 73.5]
[107071.4, 107228.7, 214210.7, 219.6, 256.5, 252.7, 77.3]
[107183.1, 107168.6, 214536.3, 221.0, 225.1, 237.1, 74.3]
[107105.9, 107372.6, 214482.4, 218.2, 229.0, 226.4, 73.6]
[107207.6, 107189.2, 214538.1, 214.1, 197.5, 189.0, 75.3]
[107368.2, 107097.1, 214544.7, 219.3, 210.4, 212.3, 74.3]
[107220.1, 107239.2, 214460.4, 223.8, 206.5, 206.6, 70.5]
[107205.2, 107358.1, 214351.0, 211.1, 229.7, 236.9, 73.2]
[107203.0, 107350.5, 214461.3, 213.1, 221.7, 219.0, 69.8]
[107271.4, 107255.1, 214316.1, 210.9, 246.4, 241.9, 74.8]
[107258.7, 107446.6, 214439.1, 215.7, 243.4, 238.4, 75.6]
[107228.0, 107162.0, 214267.1, 217.0, 211.2, 209.1, 73.7]
[107349.2, 107223.5, 214441.7, 224.9, 210.4, 211.6, 74.0]
[107297.6, 107278.0, 214216.1, 231.1, 225.8, 226.7, 73.0]
[107376.7, 107160.4, 214324.7, 226.7, 202.7, 195.9, 75.0]
[107270.1, 107184.1, 214521.3, 222.7, 214.6, 214.4, 74.6]
[107267.0, 107257.2, 214586.4, 219.2, 234.1, 231.9, 73.3]
[107173.9, 107163.8, 214344.2, 223.0, 236.5, 237.9, 72.0]
[107263.2, 107031.0, 214652.5, 223.7, 208.3, 208.0, 74.3]
[107182.9, 107208.1, 214416.8, 223.8, 248.7, 249.4, 73.2]
[107229.0, 107157.4, 214354.1, 225.3, 208.1, 200.1, 74.8]
[107307.3, 107333.1, 214583.3, 221.2, 233.2, 229.5, 73.0]
[107233.8, 107237.3, 214343.6, 214.6, 257.7, 264.8, 72.5]
[107162.2, 107025.2, 214563.5, 213.6, 237.9, 225.9, 72.5]
[107024.7, 107232.0, 214555.3, 218.1, 198.2, 206.8, 71.6]
[107221.2, 107064.7, 214559.9, 212.5, 239.6, 236.8, 75.5]
[107161.3, 107250.9, 214240.3, 221.9, 211.3, 211.2, 74.2]
[107029.2, 107207.1, 214231.9, 221.4, 233.9, 234.0, 71.5]
[107077.6, 107280.0, 214840.8, 220.3, 220.1, 224.4, 75.1]
[107447.4, 107240.2, 214550.1, 221.3, 246.6, 254.2, 71.5]
[107249.8, 107164.1, 214527.2, 220.7, 206.9, 201.2, 73.0]
[107340.4, 107083.3, 214271.8, 229.9, 239.0, 232.7, 72.3]
[107174.7, 107341.7, 214566.6, 224.9, 225.9, 229.2, 75.0]
[107427.9, 107178.8, 214499.4, 222.7, 227.8, 221.4, 71.7]
[107224.7, 107298.6, 214469.5, 215.0, 229.5, 238.7, 72.3]
[107201.7, 107179.4, 214518.3, 215.9, 222.6, 214.9, 75.3]
[107331.2, 107207.1, 214620.0, 216.5, 225.9, 238.2, 78.1]
[107238.2, 107342.6, 214558.0, 221.8, 195.8, 196.9, 72.6]
[107382.5, 107195.4, 214418.2, 226.7, 222.0, 225.9, 77.0]
[107006.8, 107192.6, 214530.4, 221.3, 218.9, 213.3, 71.8]
[107266.9, 107362.2, 214348.9, 220.4, 189.4, 195.6, 71.3]
[106964.3, 107261.1, 214488.6, 221.7, 205.0, 212.0, 69.8]
[107162.9, 107289.2, 214206.3, 213.2, 262.2, 258.6, 73.2]
[107292.9, 107124.2, 214664.3, 213.0, 224.5, 215.8, 68.7]
[107258.0, 107136.0, 214452.8, 222.2, 235.7, 240.7, 70.9]
[107199.0, 107082.6, 214279.6, 222.0, 255.8, 252.5, 75.8]
[107183.7, 107165.3, 214423.9, 222.5, 216.0, 213.7, 76.8]
[107273.7, 107252.4, 214654.0, 221.4, 232.3, 229.4, 76.2]
[107102.4, 107357.1, 214333.0, 222.0, 231.6, 231.1, 72.8]
[107305.7, 107138.3, 214519.5, 222.5, 233.2, 235.5, 70.0]
[107215.8, 107169.2, 214188.3, 222.3, 250.9, 245.7, 70.9]
[107043.9, 107270.0, 214320.2, 225.1, 202.9, 210.0, 72.4]
[107077.1, 107151.1, 214341.9, 217.1, 265.4, 248.0, 71.4]
[107150.1, 107088.2, 214484.7, 219.0, 203.5, 204.4, 76.1]
[107110.2, 107058.1, 214392.1, 215.5, 265.0, 263.0, 73.6]
[107372.6, 107425.3, 214365.0, 214.3, 215.2, 218.1, 74.3]
[107140.9, 107289.5, 214408.0, 222.6, 249.2, 254.7, 74.3]
[107262.4, 107204.2, 214515.2, 223.1, 229.5, 230.7, 66.3]
[107314.2, 107336.5, 214303.9, 226.9, 227.4, 221.1, 72.6]
[107039.7, 107170.7, 214471.0, 223.1, 236.0, 234.8, 79.2]
[107293.8, 107205.1, 214536.2, 223.0, 236.6, 234.7, 65.8]
[107092.5, 107298.4, 214372.2, 225.6, 211.2, 202.5, 71.3]
[107181.2, 107312.0, 214443.5, 217.3, 230.9, 235.1, 74.6]
[107421.8, 107144.9, 214476.6, 217.3, 207.5, 209.4, 74.8]
[107348.5, 107296.4, 214537.3, 223.4, 221.3, 223.2, 74.7]
[107139.1, 107288.3, 214495.4, 224.1, 203.9, 209.7, 72.5]
[107373.3, 107160.9, 214606.0, 220.7, 221.7, 217.9, 76.9]
[107416.6, 107248.0, 214470.4, 216.9, 217.3, 213.6, 75.7]
[107338.8, 107377.1, 214345.7, 209.7, 223.3, 214.5, 74.1]
[107313.9, 107274.0, 214382.6, 210.1, 234.1, 220.6, 70.9]
[107310.0, 107238.9, 214408.7, 223.2, 210.2, 213.6, 74.8]
[107229.1, 107092.1, 214421.0, 221.8, 190.6, 186.8, 76.3]
[107270.7, 107022.9, 214438.5, 220.8, 213.1, 219.1, 69.7]
[107245.8, 107113.9, 214372.0, 219.3, 246.0, 237.9, 77.4]
[107343.7, 107189.5, 214584.4, 216.4, 205.7, 192.4, 72.6]
[107148.1, 107294.3, 214623.1, 218.0, 224.3, 223.6, 73.8]
[107222.2, 107203.8, 214644.1, 206.9, 231.7, 232.6, 77.6]
[107238.2, 107211.4, 214345.1, 223.6, 202.0, 194.9, 70.0]
[107384.7, 107222.9, 214420.4, 210.1, 227.2, 237.4, 73.9]
[107248.0, 107295.3, 214422.1, 218.7, 211.1, 210.9, 78.1]
[107331.2, 107217.0, 214612.2, 223.6, 217.5, 214.1, 71.8]
[107321.6, 107087.1, 214466.9, 226.1, 216.9, 213.6, 73.1]
[107189.3, 107132.4, 214320.3, 218.6, 226.8, 229.0, 71.9]
[107347.2, 107200.3, 214356.6, 220.1, 217.8, 216.3, 73.6]
[107042.2, 107281.6, 214595.5, 216.3, 218.9, 217.2, 74.0]
[107165.2, 107346.0, 214621.8, 215.5, 211.6, 226.3, 72.7]
[107071.0, 107325.0, 214456.0, 225.2, 182.3, 187.1, 73.8]
[107214.0, 107212.5, 214444.4, 220.4, 232.7, 233.1, 73.2]
[107148.4, 107350.5, 214530.4, 223.2, 220.4, 211.7, 69.2]
[107401.7, 107161.0, 214566.4, 215.2, 210.9, 212.1, 73.1]
[107304.7, 107264.7, 214473.9, 212.7, 202.6, 206.2, 73.0]
[107158.0, 107201.3, 214396.9, 217.7, 237.5, 241.8, 73.4]
[107207.9, 107359.8, 214356.2, 220.2, 261.5, 258.8, 73.2]
[107212.5, 107264.2, 214532.8, 215.5, 226.9, 225.4, 74.4]
[107472.9, 107154.8, 214579.8, 220.4, 217.0, 219.8, 72.1]
[107170.7, 107239.2, 214557.4, 223.9, 199.4, 203.6, 70.0]
[107119.2, 107203.6, 214583.4, 225.3, 212.9, 207.7, 77.7]
[107241.1, 107283.6, 214352.1, 217.0, 213.5, 220.0, 77.3]
[107350.4, 107358.9, 214816.3, 218.7, 195.0, 195.8, 76.3]
[107257.7, 107394.5, 214576.4, 224.5, 194.5, 193.2, 73.6]
[107182.9, 107227.7, 214401.2, 221.5, 250.3, 245.8, 71.3]
[107297.0, 107148.5, 214822.4, 216.9, 199.2, 208.3, 76.3]
[107317.9, 107272.9, 214501.2, 220.4, 240.3, 239.4, 69.5]
[107333.5, 107129.0, 214711.2, 221.8, 214.2, 213.3, 75.0]
[107199.2, 107228.0, 214320.0, 216.2, 227.9, 229.7, 73.2]
[107225.9, 107195.7, 214320.1, 222.3, 236.3, 237.5, 70.4]
[107246.7, 107283.3, 214479.2, 222.0, 271.2, 257.0, 72.7]
[107331.0, 107226.2, 214294.4, 221.1, 232.0, 220.9, 73.5]
[107240.2, 107195.1, 214468.2, 218.7, 214.4, 214.5, 72.4]
[107275.4, 107253.2, 214514.6, 219.8, 220.3, 217.1, 75.1]
[107193.0, 107307.4, 214293.7, 220.3, 201.9, 210.1, 76.4]
[107302.5, 107103.3, 214439.1, 221.3, 232.3, 226.0, 79.9]
[107241.5, 107205.5, 214294.8, 209.1, 211.6, 219.3, 81.2]
[107109.7, 106979.8, 214494.3, 221.7, 231.9, 240.1, 69.8]
[107309.3, 107244.5, 214708.5, 217.9, 216.6, 207.4, 75.2]
[107349.7, 107226.6, 214499.1, 222.1, 219.1, 229.2, 73.6]
[107211.1, 107243.7, 214280.3, 218.8, 222.6, 224.4, 77.8]
[107263.9, 107304.7, 214369.5, 220.0, 209.8, 210.6, 70.3]
[107185.1, 107485.4, 214807.5, 214.7, 177.1, 176.7, 75.0]
[107151.8, 107179.4, 214713.5, 220.5, 255.8, 237.9, 74.7]
[107404.3, 107221.1, 214263.2, 230.9, 194.1, 186.7, 70.6]
[107295.3, 107061.4, 214492.3, 217.2, 230.0, 231.5, 72.5]
[107261.3, 107308.1, 214489.8, 220.5, 236.4, 228.6, 75.1]
[107304.1, 107393.7, 214661.5, 217.9, 181.1, 179.6, 72.4]
[107352.0, 107268.0, 214309.3, 226.0, 201.2, 206.7, 71.9]
[107284.1, 107067.5, 214614.8, 216.2, 222.5, 225.9, 74.1]
[107496.0, 107215.1, 214548.3, 222.8, 188.7, 192.4, 75.7]
[107212.3, 107448.5, 214375.2, 216.5, 193.3, 188.1, 72.4]
[107176.3, 107349.1, 214278.6, 216.3, 257.2, 253.1, 75.8]
[107076.0, 107227.3, 214437.7, 215.5, 262.1, 253.0, 73.3]
[107289.8, 107245.3, 214470.5, 223.4, 222.9, 212.4, 78.8]
[107134.6, 107238.6, 214525.5, 218.5, 188.6, 196.8, 71.5]
[107317.1, 107362.0, 214416.9, 210.4, 223.1, 217.8, 72.0]
[107059.7, 107084.8, 214595.1, 226.7, 247.1, 248.5, 71.5]
[107234.1, 107186.7, 214348.8, 214.9, 198.6, 192.8, 71.5]
[107261.4, 107507.3, 214389.4, 224.2, 210.1, 211.1, 73.0]
[107162.6, 107031.3, 214560.7, 220.7, 265.6, 257.6, 72.0]
[107286.2, 107212.7, 214523.0, 229.8, 199.8, 192.0, 76.3]
[107407.4, 107213.6, 214324.4, 223.5, 233.5, 237.6, 73.3]
[107268.5, 107351.1, 214668.8, 221.0, 201.1, 205.2, 80.9]
[107232.8, 106985.5, 214452.2, 225.0, 211.1, 209.2, 76.0]
[107513.3, 107263.5, 214737.3, 221.3, 226.2, 231.8, 70.2]
[107148.6, 107366.5, 214316.9, 223.5, 209.8, 208.2, 77.4]
[107332.1, 107365.7, 214495.4, 216.8, 179.4, 187.3, 71.4]
[107350.7, 107194.2, 214400.2, 220.8, 236.0, 235.5, 75.6]
[107249.7, 107123.3, 214685.5, 222.0, 214.3, 218.9, 71.7]
[107047.8, 107137.1, 214454.2, 225.3, 239.1, 232.3, 67.8]
[107294.1, 107284.6, 214699.9, 222.3, 221.2, 220.5, 73.5]
[107090.0, 107111.1, 214341.7, 227.3, 239.5, 233.4, 71.9]
[107233.2, 107194.2, 214479.4, 219.8, 186.0, 188.4, 73.4]
[107354.8, 107361.4, 214542.6, 224.9, 195.6, 202.4, 79.1]
[107559.0, 107201.0, 214323.3, 231.9, 223.5, 216.4, 74.3]
[107254.7, 107188.6, 214388.3, 215.9, 189.1, 181.8, 75.8]
[107088.6, 107363.9, 214248.1, 221.7, 211.3, 211.2, 76.6]
[107188.0, 107337.7, 214311.1, 213.3, 221.8, 221.3, 74.7]
[107319.5, 107271.5, 214502.0, 224.8, 218.5, 208.4, 74.3]
[107153.6, 107203.5, 214479.4, 220.8, 223.4, 238.7, 73.3]
[107357.5, 107169.8, 214416.7, 221.6, 212.4, 222.7, 69.6]
[107182.1, 107248.2, 214815.4, 220.8, 216.8, 217.9, 71.5]
[107268.4, 107192.0, 214596.4, 216.3, 221.8, 220.8, 76.1]
[107299.5, 107297.1, 214552.3, 221.0, 180.8, 188.7, 75.2]
[107262.3, 107367.5, 214647.2, 219.0, 202.1, 200.7, 71.8]
[107243.6, 107430.0, 214520.1, 228.3, 210.3, 208.3, 73.9]
[107170.0, 107360.5, 214601.9, 215.9, 207.1, 193.1, 75.3]
[107131.0, 107271.7, 214640.6, 212.3, 223.2, 221.1, 73.8]
[107182.0, 107530.6, 214599.6, 218.8, 221.2, 219.0, 76.6]
[107303.0, 107206.8, 214646.8, 217.0, 237.1, 235.4, 73.4]
[107149.8, 107015.3, 214306.7, 224.0, 256.4, 247.8, 73.6]
[107179.7, 107199.3, 214495.2, 225.4, 194.9, 193.0, 68.3]
[107261.8, 107148.5, 214337.3, 223.8, 202.3, 199.9, 74.7]
[107192.2, 107151.9, 214269.5, 215.1, 231.1, 232.6, 74.9]
[107348.1, 107252.1, 214644.8, 227.6, 230.4, 239.7, 76.5]
[107346.9, 107432.3, 214372.2, 219.6, 231.9, 233.6, 74.2]
[107305.0, 107184.3, 214572.2, 217.8, 195.6, 199.8, 70.4]
[107371.6, 107400.8, 214282.2, 225.4, 231.4, 229.9, 76.5]
[107248.8, 107184.3, 214342.2, 229.8, 235.2, 238.2, 73.7]
[107263.9, 107098.9, 214648.6, 229.5, 234.4, 223.7, 75.4]
[107279.8, 107228.5, 214466.1, 208.6, 236.5, 234.9, 73.4]
[107362.8, 107330.4, 214524.0, 224.6, 204.2, 202.0, 71.4]
[107417.5, 107204.2, 214681.7, 217.5, 205.3, 208.6, 71.9]
[107311.7, 107287.5, 214444.2, 219.4, 228.1, 234.7, 72.9]
[107158.4, 107070.2, 214543.5, 216.8, 204.6, 207.8, 73.3]
[107339.9, 107258.2, 214364.9, 218.6, 213.0, 217.3, 75.4]
[107172.5, 107118.5, 214639.4, 224.7, 231.3, 237.9, 75.3]
[107183.9, 107235.6, 214492.8, 222.8, 245.7, 240.4, 75.3]
[107364.0, 107225.0, 214622.2, 217.8, 233.2, 226.3, 75.8]
[107192.8, 107383.4, 214606.9, 226.6, 208.4, 202.7, 76.6]
[107201.7, 107238.8, 214287.6, 231.2, 239.8, 231.0, 70.7]
[106976.9, 107504.2, 214505.0, 229.7, 183.8, 192.4, 70.9]
[107061.2, 107362.6, 214652.7, 221.6, 232.9, 227.7, 73.0]
[107260.1, 107249.3, 214441.3, 217.0, 202.2, 207.9, 79.6]
[107269.2, 107274.6, 214927.2, 217.1, 208.3, 205.9, 70.5]
[107175.1, 107098.5, 214437.4, 221.0, 233.8, 223.0, 79.3]
[107340.6, 107305.8, 214725.8, 217.8, 215.7, 216.0, 71.6]
[107358.9, 107313.1, 214396.9, 220.9, 216.7, 207.9, 72.2]
[107285.4, 107062.5, 214642.8, 216.5, 194.6, 188.9, 72.3]
[107307.1, 107179.0, 214265.3, 223.8, 218.6, 224.1, 72.1]
[107274.1, 107237.4, 214370.0, 218.9, 199.7, 197.2, 78.7]
[107108.9, 107203.1, 214323.6, 222.0, 185.3, 178.4, 68.0]
[107295.7, 107193.6, 214545.3, 223.4, 220.0, 225.7, 76.4]
[107222.2, 107269.3, 214251.5, 219.4, 249.6, 249.0, 75.3]
[107202.8, 107296.7, 214426.2, 221.1, 207.1, 201.9, 70.9]
[107247.8, 107150.3, 214316.9, 226.3, 231.4, 231.1, 74.7]
[107168.5, 107242.7, 214293.9, 226.5, 216.7, 214.5, 73.7]
[107193.7, 107229.2, 214777.7, 233.3, 189.5, 184.4, 71.2]
[107153.6, 107036.2, 214499.6, 222.1, 219.9, 227.6, 75.8]
[107186.4, 107119.6, 214372.9, 219.2, 255.5, 264.3, 76.4]
[107090.7, 107196.7, 214251.1, 220.6, 242.1, 246.5, 75.3]
[107504.1, 107118.6, 214434.7, 217.9, 213.1, 208.0, 75.3]
[107245.9, 107364.1, 214131.5, 218.0, 242.5, 238.8, 71.4]
[107290.8, 107316.8, 214421.2, 217.1, 209.7, 224.1, 72.4]
[107274.1, 107212.7, 214515.4, 217.0, 253.8, 262.1, 69.9]
[107299.7, 107189.6, 214632.0, 224.8, 210.3, 215.4, 76.6]
[107138.3, 107387.8, 214557.9, 225.8, 223.7, 226.5, 70.1]
[106998.0, 107210.1, 214326.0, 225.2, 234.9, 231.6, 73.5]
[107264.6, 107181.9, 214457.8, 225.4, 205.6, 196.8, 73.0]
[107226.8, 107202.3, 214450.1, 221.1, 201.1, 203.1, 75.3]
[107199.4, 107289.8, 214358.8, 225.9, 193.9, 185.0, 73.6]
[107327.8, 107289.8, 214646.1, 224.0, 204.3, 195.0, 76.2]
[107253.1, 107210.0, 214507.7, 225.2, 206.9, 217.7, 79.3]
[107144.2, 107176.0, 214576.5, 217.0, 224.3, 218.3, 74.3]
[107216.2, 107293.5, 214355.0, 224.4, 217.9, 213.1, 74.5]
[107286.5, 107271.9, 214737.8, 224.2, 211.5, 216.3, 75.3]
[107243.0, 107137.8, 214521.8, 210.1, 208.2, 203.2, 73.7]
[107252.8, 107289.7, 214501.5, 216.5, 240.1, 230.6, 69.4]
[107058.6, 107186.1, 214462.1, 222.5, 253.8, 261.6, 72.9]
[107238.5, 107142.5, 214539.4, 219.0, 230.6, 232.6, 73.6]
[107145.6, 107131.8, 214473.8, 222.0, 219.7, 217.5, 71.2]
[107129.8, 107230.5, 214386.6, 220.5, 196.9, 192.6, 78.2]
[107314.6, 107375.0, 214215.4, 218.0, 220.3, 230.6, 75.6]
[107142.3, 107330.1, 214316.8, 212.4, 250.6, 248.4, 72.2]
[107257.4, 107210.8, 214523.9, 216.8, 214.9, 213.6, 78.7]
[107307.9, 107140.2, 214615.8, 211.0, 194.3, 200.1, 75.6]
[107325.7, 107076.2, 214480.6, 227.2, 222.4, 211.7, 76.1]
[107331.9, 107258.6, 214838.9, 225.5, 210.4, 207.0, 72.4]
[107176.5, 107150.6, 214417.2, 217.0, 218.7, 207.3, 76.4]
[107067.3, 107356.3, 214501.6, 219.4, 220.2, 225.6, 69.2]
[107131.1, 107256.3, 214510.1, 220.7, 209.1, 216.2, 77.0]
[107194.1, 107147.1, 214544.2, 226.7, 233.2, 242.7, 74.1]
[107130.5, 107107.4, 214701.6, 217.9, 186.4, 186.8, 72.1]
[107336.5, 107244.6, 214274.0, 213.4, 224.3, 224.0, 75.5]
[107221.4, 107226.5, 214379.4, 224.6, 182.3, 184.4, 72.3]
[107182.0, 107311.2, 214560.6, 216.2, 231.7, 233.8, 69.2]
[107117.2, 107166.4, 214616.7, 215.0, 213.5, 206.6, 75.4]
[107305.6, 107239.5, 214331.0, 222.4, 260.7, 246.7, 71.8]
[107251.5, 107163.9, 214419.8, 224.4, 208.4, 204.0, 69.3]
[107296.9, 107396.0, 214473.0, 234.7, 230.8, 232.2, 74.0]
[107163.9, 107029.4, 214496.6, 224.9, 245.6, 241.4, 72.1]
[107179.9, 107362.6, 214363.3, 231.2, 242.6, 237.4, 71.5]
[107317.4, 107105.5, 214413.0, 219.9, 219.0, 220.9, 72.2]
[107362.9, 107184.6, 214395.0, 216.1, 251.8, 250.9, 71.8]
[107121.9, 107271.2, 214527.6, 223.2, 233.7, 231.6, 73.6]
[107086.4, 107098.2, 214632.1, 218.1, 209.5, 214.4, 79.1]
[107185.3, 107241.9, 214484.5, 221.0, 219.9, 229.3, 78.1]
[107166.4, 107187.3, 214553.1, 220.9, 198.7, 209.6, 70.1]
[107216.9, 107360.0, 214321.8, 218.2, 207.2, 202.2, 70.6]
[107361.5, 107297.5, 214396.9, 229.7, 232.5, 223.3, 75.2]
[107296.8, 107148.6, 214451.8, 224.8, 203.5, 211.9, 74.3]
[107121.0, 107173.4, 214212.9, 222.9, 235.1, 235.9, 72.5]
[107146.8, 107311.1, 214194.3, 220.7, 218.2, 219.0, 72.8]
[107224.4, 107083.5, 214483.3, 219.2, 225.3, 226.6, 72.8]
[107379.6, 107229.3, 214355.4, 217.9, 207.8, 216.1, 73.2]
[107209.9, 107348.4, 214565.8, 224.1, 232.3, 228.1, 76.1]
[107154.8, 107334.7, 214395.4, 227.6, 227.2, 213.3, 72.8]
[107131.9, 107252.9, 214680.7, 217.3, 239.6, 254.5, 71.6]
[107187.7, 107224.5, 214401.1, 219.5, 227.4, 222.9, 75.5]
[107216.6, 107335.8, 214506.3, 222.8, 199.2, 202.7, 78.2]
[107368.6, 107109.1, 214403.4, 227.3, 239.8, 238.8, 73.1]
[107365.7, 107223.3, 214380.7, 223.2, 230.3, 236.4, 74.4]
[107145.6, 107138.5, 214707.4, 222.1, 219.4, 213.1, 74.6]
[107452.4, 107139.0, 214263.2, 215.0, 206.2, 214.0, 72.4]
[107257.4, 107317.5, 214565.5, 219.1, 228.4, 227.2, 73.0]
[107377.2, 107335.1, 214541.6, 221.6, 220.4, 217.8, 69.6]
[107118.9, 107213.2, 214328.9, 221.3, 251.6, 243.5, 77.3]
[107091.4, 107346.2, 214234.2, 218.2, 248.4, 247.3, 72.3]
[107302.2, 107091.4, 214360.1, 221.0, 259.8, 250.7, 71.5]
[107323.8, 107308.0, 214318.1, 223.5, 230.5, 232.8, 69.7]
[107297.3, 107323.5, 214413.3, 215.0, 224.8, 225.3, 73.6]
[107298.3, 107433.2, 214440.9, 212.1, 212.3, 211.1, 74.9]
[107214.0, 107305.5, 214519.5, 220.8, 243.9, 247.0, 73.9]
[107220.5, 107227.5, 214546.3, 215.2, 217.9, 220.3, 69.7]
[107280.7, 107260.6, 214084.6, 220.1, 240.1, 225.2, 73.2]
[107389.1, 107301.9, 214156.2, 220.4, 200.1, 215.5, 71.8]
[107393.8, 107354.5, 214434.7, 216.8, 210.5, 207.6, 73.0]
[107084.7, 107318.3, 214560.2, 227.3, 222.3, 215.0, 73.6]
[107258.1, 107204.0, 214539.9, 215.1, 224.5, 229.7, 79.7]
[107340.5, 107341.2, 214545.4, 222.9, 213.4, 222.4, 72.4]
[107452.9, 107292.6, 214417.3, 214.6, 203.1, 203.4, 74.9]
[107265.4, 107208.0, 214829.2, 224.9, 197.5, 205.7, 75.8]
[107267.2, 107174.0, 214585.4, 217.0, 198.4, 195.4, 74.3]
[107158.7, 107115.2, 214591.8, 220.5, 221.6, 225.3, 72.5]
[107093.7, 107085.9, 214381.6, 230.0, 218.5, 220.2, 73.1]
[107171.2, 107194.2, 214441.0, 222.0, 257.1, 263.9, 75.5]
[107368.3, 107285.9, 214583.9, 216.0, 196.4, 196.4, 73.7]
[107201.7, 107338.2, 214475.7, 224.7, 189.1, 185.6, 71.0]
[107202.3, 107155.1, 214252.9, 229.7, 254.0, 252.1, 76.0]
[107211.5, 107063.6, 214560.3, 224.8, 240.2, 242.6, 73.7]
[107132.2, 107148.2, 214488.7, 215.9, 217.6, 215.9, 73.2]
[107036.6, 107302.5, 214478.1, 231.8, 239.7, 246.4, 74.1]
[107310.2, 107186.1, 214357.4, 217.3, 228.8, 224.8, 73.0]
[107185.3, 107258.5, 214500.2, 226.7, 221.6, 225.0, 72.9]
[107246.9, 107342.7, 214545.9, 216.4, 203.7, 204.9, 75.2]
[107225.8, 107192.4, 214532.5, 228.3, 242.6, 231.3, 75.1]
[107233.1, 107285.6, 214396.8, 233.3, 215.6, 202.3, 74.2]
[107427.5, 107043.3, 214257.8, 215.9, 217.5, 231.6, 74.0]
[107333.3, 107245.3, 214444.9, 224.7, 233.4, 226.0, 76.7]
[107137.5, 107175.2, 214673.3, 228.9, 232.5, 239.2, 75.0]
[107419.0, 107131.8, 214521.6, 226.6, 195.1, 200.8, 73.0]
[107244.7, 107161.7, 214467.1, 220.4, 212.9, 216.0, 73.0]
[107317.7, 107311.0, 214723.2, 216.7, 212.0, 201.9, 68.9]
[107079.8, 107206.2, 214272.2, 213.4, 209.7, 225.6, 71.9]
[107216.8, 107215.4, 214469.2, 218.5, 193.5, 193.7, 77.1]
[107244.5, 107153.1, 214188.0, 214.2, 234.4, 236.7, 77.5]
[107170.1, 107250.7, 214502.9, 215.5, 198.8, 194.9, 73.5]
[107199.4, 107313.8, 214255.1, 217.1, 222.0, 215.0, 75.9]
[107279.2, 107245.9, 214290.3, 219.8, 239.2, 243.6, 71.8]
[107134.4, 107411.3, 214314.1, 222.3, 246.2, 261.7, 75.3]
[107308.4, 107365.7, 214479.7, 217.2, 208.2, 207.5, 71.7]
[107165.6, 107354.4, 214114.9, 217.0, 214.6, 213.1, 70.2]
[107171.0, 107128.2, 214650.6, 220.2, 217.4, 209.6, 74.8]
[107120.4, 107224.0, 214574.1, 222.6, 215.2, 221.1, 79.1]
[107247.5, 107275.2, 214345.6, 216.4, 222.3, 222.8, 77.4]
[107204.3, 107054.2, 214650.9, 222.3, 241.1, 245.0, 74.5]
[107055.7, 107131.8, 214359.9, 219.4, 227.0, 231.1, 72.1]
[107320.1, 107319.3, 214381.0, 219.9, 228.2, 226.2, 73.3]
[107459.5, 107153.0, 214571.5, 214.7, 197.7, 193.0, 70.4]
[107155.8, 107405.9, 214401.5, 217.8, 227.6, 234.5, 75.5]
[107218.3, 107227.4, 214346.0, 219.3, 228.1, 238.2, 77.0]
[107205.5, 107188.4, 214311.7, 221.7, 222.6, 218.9, 70.8]
[107242.3, 107250.4, 214647.8, 212.4, 181.9, 186.2, 76.6]
[107094.2, 107209.6, 214662.8, 223.4, 214.5, 214.0, 73.7]
[107373.1, 107143.5, 214526.2, 223.2, 205.6, 207.4, 75.3]
[107118.3, 107277.6, 214375.9, 217.5, 210.5, 208.4, 72.2]
[107389.3, 107420.6, 214296.5, 227.2, 220.5, 215.4, 75.1]
[107118.9, 107137.5, 214411.2, 226.2, 234.1, 241.7, 74.4]
[107340.2, 107077.4, 214273.8, 223.4, 225.8, 235.5, 68.4]
[107409.8, 107275.2, 214456.4, 215.2, 201.0, 207.5, 74.2]
[107354.3, 107238.7, 214514.5, 228.8, 218.4, 215.6, 71.6]
[107405.5, 107299.6, 214632.1, 222.0, 250.3, 237.6, 67.1]
[107227.1, 107399.3, 214372.6, 212.5, 195.6, 212.7, 71.5]
[107042.1, 107257.3, 214112.3, 225.0, 253.1, 251.2, 75.0]
[107244.5, 107187.6, 214515.2, 222.4, 213.5, 223.8, 71.9]
[107170.7, 107300.1, 214460.7, 215.4, 228.0, 226.4, 77.1]
[107200.4, 107524.8, 214516.6, 219.4, 240.0, 225.5, 68.9]
[107227.9, 107302.5, 214491.2, 221.6, 198.9, 206.7, 73.8]
[107298.0, 107201.6, 214346.6, 223.3, 206.6, 215.2, 76.2]
[107281.1, 107263.5, 214248.4, 231.3, 220.0, 211.9, 75.6]
[107195.0, 107485.8, 214451.2, 224.9, 230.0, 221.6, 77.0]
[107157.1, 107290.7, 214293.9, 215.4, 244.2, 246.4, 75.8]
[107346.2, 107208.6, 214352.0, 218.6, 222.9, 228.6, 72.6]
[107257.7, 107269.7, 214515.4, 225.7, 214.0, 217.0, 72.2]
[107159.1, 107276.6, 214400.6, 219.0, 222.8, 209.9, 72.4]
[107202.6, 107154.2, 214553.7, 224.9, 212.4, 207.2, 75.0]
[107205.3, 107427.9, 214434.4, 221.9, 203.2, 204.4, 70.4]
[107178.0, 107058.6, 214571.6, 218.9, 231.4, 228.5, 74.5]
[107312.7, 107126.7, 214533.9, 222.1, 235.2, 238.0, 69.5]
[107099.2, 107324.0, 214692.0, 221.4, 240.5, 237.8, 75.7]
[107367.9, 107133.4, 214337.9, 224.7, 220.8, 227.1, 73.2]
[107192.8, 107352.2, 214470.1, 221.5, 230.0, 232.3, 76.0]
[107378.2, 107254.9, 214769.7, 213.7, 223.5, 218.8, 69.9]
[107178.0, 107225.0, 214529.2, 221.7, 241.7, 246.6, 78.4]
[107114.6, 107134.5, 214627.5, 227.5, 244.6, 235.1, 74.7]
[107271.8, 107171.8, 214652.8, 229.0, 204.0, 204.8, 74.9]
[106923.3, 107299.6, 214686.7, 215.4, 208.9, 199.3, 75.3]
[107246.4, 107355.5, 214695.9, 229.2, 236.3, 225.4, 76.3]
[107275.3, 107130.7, 214319.1, 225.0, 198.0, 203.6, 74.1]
[107412.1, 107336.2, 214375.0, 222.7, 228.3, 227.2, 72.8]
[107283.3, 107193.6, 214457.5, 223.8, 227.2, 228.8, 65.6]
[107335.4, 107294.4, 214224.2, 222.1, 191.2, 190.5, 73.7]
[107286.9, 107170.3, 214495.6, 219.0, 216.6, 218.2, 74.8]
[107170.2, 107366.5, 214173.2, 215.5, 232.0, 233.4, 67.7]
[107165.7, 107255.9, 214437.0, 214.0, 225.8, 219.9, 70.9]
[107177.3, 107307.9, 214563.4, 218.9, 243.6, 234.3, 74.5]
[107213.7, 107156.3, 214663.2, 220.5, 183.0, 190.6, 72.4]
[107301.8, 107288.8, 214698.7, 217.6, 212.6, 217.0, 74.1]
[107297.8, 107075.9, 214430.9, 217.6, 226.9, 231.6, 73.2]
[107375.4, 107274.4, 214613.2, 221.2, 212.2, 209.1, 71.2]
[107115.3, 107207.2, 214373.4, 219.4, 218.2, 214.1, 67.1]
[107186.3, 107280.3, 214578.5, 222.7, 253.3, 238.9, 73.8]
[107334.4, 107123.9, 214550.4, 217.6, 200.7, 202.7, 78.4]
[107391.2, 107194.8, 214362.9, 224.1, 219.7, 216.3, 70.9]
[107195.0, 107398.2, 214409.1, 225.0, 215.4, 219.5, 77.3]
[107226.8, 107493.1, 214716.7, 223.5, 198.1, 197.9, 72.6]
[107224.6, 107316.0, 214456.3, 224.4, 246.5, 248.0, 69.7]
[107163.9, 107308.2, 214443.7, 219.9, 232.1, 231.7, 74.2]
[107289.7, 107239.4, 214416.0, 228.5, 216.4, 222.3, 73.5]
[107164.5, 107206.4, 214424.7, 218.0, 248.7, 249.5, 75.4]
[107297.2, 107141.9, 214455.4, 219.3, 223.1, 226.7, 77.8]
[107165.0, 107243.4, 214499.4, 213.1, 193.5, 201.9, 70.7]
[107014.1, 107123.5, 214495.1, 222.3, 219.9, 220.3, 74.4]
[107440.5, 107392.3, 214663.7, 224.3, 210.4, 210.2, 76.4]
[107227.9, 107216.3, 214309.3, 223.6, 231.2, 222.3, 72.0]
[107156.3, 107087.7, 214596.5, 225.5, 214.4, 227.1, 73.6]
[107400.8, 107233.2, 214370.0, 220.7, 215.7, 229.3, 73.7]
[107449.5, 107303.9, 214644.3, 228.1, 216.5, 212.3, 77.4]
[107187.2, 107215.5, 214513.0, 214.7, 222.8, 225.8, 72.8]
[107345.1, 107036.2, 214381.7, 216.8, 211.1, 223.5, 68.8]
[107341.6, 107374.7, 214298.5, 221.9, 216.1, 205.3, 77.2]
[107267.9, 107236.4, 214480.1, 223.2, 252.6, 248.0, 71.9]
[107177.0, 107246.6, 214583.8, 217.9, 243.4, 240.5, 71.9]
[107245.5, 107281.0, 214353.1, 212.8, 207.5, 210.7, 77.1]
[107196.3, 107125.4, 214632.7, 217.8, 236.5, 229.1, 74.4]
[106964.6, 107277.9, 214349.2, 219.5, 255.5, 255.0, 76.6]
[107091.7, 106982.4, 214547.7, 218.1, 225.6, 217.0, 79.2]
[107261.8, 107182.6, 214406.5, 221.9, 247.5, 253.0, 77.0]
[107154.9, 107295.4, 214392.6, 217.2, 248.9, 243.1, 72.2]
[107050.1, 107342.6, 214498.9, 223.2, 209.5, 222.5, 71.4]
[107239.1, 107360.8, 214491.1, 215.1, 203.4, 207.0, 76.7]
[107195.4, 107107.1, 214666.9, 213.7, 254.3, 241.5, 72.1]
[107133.4, 107061.2, 214520.0, 223.5, 232.5, 227.6, 72.7]
[107137.6, 107251.7, 214127.1, 223.6, 247.0, 252.5, 78.2]
[107405.9, 107209.2, 214468.5, 222.0, 223.2, 228.4, 70.0]
[107283.9, 107492.8, 214668.5, 218.2, 208.9, 204.0, 73.8]
[107067.5, 107140.0, 214513.7, 225.5, 207.3, 201.4, 71.4]
[107323.4, 107167.3, 214436.0, 218.6, 213.0, 218.8, 69.9]
[107345.5, 107163.6, 214460.3, 219.4, 212.3, 214.7, 74.8]
[107227.7, 107331.4, 214311.4, 222.2, 247.6, 246.0, 74.9]
[107488.1, 107256.0, 214482.4, 218.1, 207.7, 213.0, 73.6]
[107360.0, 107169.0, 214680.7, 213.7, 230.6, 237.0, 72.5]
[107438.1, 107331.9, 214557.8, 221.6, 197.8, 193.6, 76.6]
[107345.6, 107347.2, 214603.5, 231.5, 207.5, 210.8, 76.6]
[107226.0, 107271.1, 214596.8, 218.5, 237.3, 241.5, 74.2]
[107228.6, 107244.9, 214518.7, 224.3, 225.8, 213.5, 78.3]
[107305.3, 107269.9, 214471.8, 220.1, 215.7, 222.0, 73.4]
[107271.7, 107120.0, 214404.8, 227.0, 215.6, 219.6, 70.9]
[107304.8, 107200.9, 214668.7, 221.9, 225.9, 216.1, 75.1]
[107419.5, 107465.9, 214618.4, 224.3, 211.5, 212.3, 71.9]
[107127.7, 107300.8, 214447.4, 220.5, 244.4, 231.0, 73.5]
[107208.2, 107290.0, 214645.9, 216.5, 231.2, 225.4, 72.4]
[107171.6, 107070.0, 214518.2, 223.4, 250.7, 232.2, 75.5]
[107348.2, 107191.0, 214330.4, 213.8, 203.4, 205.2, 74.4]
[107279.8, 107398.8, 214479.9, 217.9, 207.0, 207.6, 75.3]
[107146.4, 107210.3, 214427.4, 213.0, 210.8, 219.7, 74.8]
[107555.2, 107134.9, 214513.1, 212.1, 266.6, 245.2, 75.0]
[107247.6, 107332.8, 214408.8, 213.5, 242.5, 234.4, 77.5]
[107203.0, 107296.4, 214344.2, 213.4, 236.3, 230.0, 75.3]
[107281.2, 107318.5, 214644.2, 213.9, 241.1, 250.3, 77.1]
[107252.1, 107357.1, 214838.8, 230.1, 202.4, 198.3, 73.5]
[107302.0, 107040.5, 214385.8, 215.5, 214.0, 213.4, 77.3]
[106984.9, 107334.3, 214394.5, 224.2, 252.1, 260.6, 73.2]
[107146.7, 107224.1, 214736.8, 220.3, 224.2, 215.8, 74.7]
[107210.5, 107168.8, 214583.1, 224.8, 205.4, 212.2, 74.0]
[107335.0, 107199.0, 214667.7, 221.2, 203.7, 209.6, 73.3]
[107223.9, 107216.3, 214454.4, 212.0, 233.2, 225.0, 70.8]
[107175.6, 107383.1, 214274.0, 221.1, 238.1, 233.4, 74.0]
[107211.7, 107314.0, 214654.9, 221.7, 215.0, 206.3, 74.3]
[107149.2, 107327.8, 214282.0, 221.0, 238.4, 240.9, 72.3]
[107124.0, 107204.1, 214415.4, 223.3, 225.2, 223.1, 69.5]
[107237.3, 107036.9, 214262.7, 230.7, 228.7, 232.2, 71.6]
[107200.4, 107234.6, 214767.1, 219.6, 251.1, 258.7, 73.0]
[107245.1, 107127.8, 214420.3, 215.0, 205.0, 207.3, 70.7]
[107325.4, 107072.5, 214404.2, 217.7, 217.8, 227.9, 77.8]
[107208.7, 107110.9, 214531.1, 229.8, 204.5, 220.9, 73.7]
[107304.9, 107460.5, 214500.8, 224.3, 207.2, 206.9, 73.0]
[107182.2, 107144.3, 214563.6, 217.8, 231.9, 234.0, 75.7]
[107151.7, 107215.6, 214650.9, 221.6, 222.6, 233.6, 71.7]
[107142.5, 107328.9, 214536.8, 225.9, 236.0, 225.1, 73.6]
[107218.4, 107301.0, 214726.5, 210.3, 221.7, 222.3, 69.8]
[107139.5, 107211.4, 214558.5, 217.6, 234.2, 232.4, 77.9]
[107324.4, 107215.0, 214429.7, 224.5, 211.6, 220.6, 76.4]
[107387.6, 107217.6, 214657.0, 225.2, 215.2, 219.2, 71.1]
[107190.1, 107393.1, 214729.7, 224.1, 210.8, 214.8, 74.4]
[107278.2, 107190.0, 214371.3, 214.2, 243.6, 236.0, 76.1]
[107287.7, 107209.9, 214212.7, 224.8, 243.1, 237.7, 82.3]
[107151.0, 107355.8, 214730.9, 220.3, 209.1, 213.9, 73.9]
[107155.9, 107351.6, 214710.9, 223.5, 197.5, 191.5, 72.5]
[107293.4, 107393.1, 214386.3, 221.6, 193.1, 195.9, 74.5]
[107292.3, 107235.1, 214693.8, 215.9, 222.4, 216.0, 72.5]
[107127.8, 107339.9, 214765.9, 221.6, 206.1, 202.1, 71.7]
[106993.1, 107135.3, 214654.6, 222.4, 242.8, 227.6, 72.3]
[107219.8, 107364.4, 214421.1, 227.1, 195.5, 194.8, 75.1]
[107245.2, 107098.4, 214580.9, 219.7, 202.9, 199.4, 69.9]
[107191.1, 107364.9, 214540.8, 225.7, 206.1, 216.2, 80.0]
[106985.5, 107270.8, 214162.9, 223.6, 234.6, 237.6, 74.5]
[107104.1, 107256.6, 214277.0, 216.0, 247.5, 231.8, 71.9]
[107170.7, 107209.8, 214550.2, 224.0, 256.1, 263.1, 75.7]
[107047.9, 107357.4, 214493.7, 219.0, 229.7, 236.6, 74.4]
[107077.8, 107222.9, 214133.4, 220.7, 253.3, 241.5, 66.7]
[107464.0, 107163.5, 214433.4, 226.7, 207.4, 214.2, 75.7]
[107079.1, 107243.2, 214423.0, 229.1, 192.9, 188.1, 69.7]
[107456.9, 107221.0, 214557.5, 227.3, 231.2, 232.2, 78.0]
[107231.4, 107180.7, 214554.1, 225.0, 212.0, 219.7, 78.6]
[107309.6, 107158.7, 213890.6, 214.8, 255.7, 255.1, 70.2]
[107338.7, 107181.1, 214429.5, 221.7, 184.5, 200.0, 79.4]
[107215.8, 107128.4, 214666.6, 225.6, 224.9, 218.9, 72.9]
[106999.6, 107245.2, 214824.2, 216.4, 206.1, 212.4, 66.2]
[107220.7, 107392.4, 214422.3, 227.8, 226.4, 223.1, 76.4]
[107288.0, 107217.2, 214324.1, 221.5, 222.4, 239.5, 76.3]
[107174.2, 107198.2, 214505.6, 217.7, 193.6, 203.1, 75.8]
[107195.8, 107180.4, 214572.3, 215.0, 216.8, 209.0, 70.0]
[107155.8, 107141.7, 214337.3, 221.1, 244.0, 244.0, 74.9]
[107484.5, 107175.8, 214801.1, 221.7, 234.7, 227.4, 75.5]
[107460.7, 107354.5, 214544.4, 219.4, 228.8, 229.9, 73.5]
[107281.2, 107168.7, 214197.9, 220.1, 241.9, 244.9, 75.0]
[107168.6, 107150.4, 214480.3, 225.2, 218.5, 226.9, 78.3]
[107319.5, 107204.5, 214378.0, 216.0, 209.7, 216.3, 74.0]
[107427.0, 107351.1, 214293.2, 217.3, 224.4, 216.2, 71.4]
[107213.9, 107324.7, 214586.2, 225.5, 231.1, 216.9, 72.7]
[107204.1, 107174.7, 214517.3, 219.5, 208.4, 209.1, 70.2]
[107279.7, 107187.8, 214676.8, 223.5, 208.4, 204.3, 68.1]
[107229.5, 107222.1, 214474.6, 213.1, 224.3, 215.1, 74.6]
[107166.9, 107139.5, 214418.5, 218.2, 217.0, 233.1, 74.3]
[107224.1, 107239.0, 214278.7, 217.5, 270.7, 249.6, 78.4]
[107215.3, 107423.1, 214539.4, 223.7, 207.4, 202.0, 73.6]
[107205.0, 107235.5, 214664.6, 213.4, 206.6, 214.2, 68.4]
[107227.1, 107197.0, 214522.0, 219.0, 231.9, 241.2, 68.8]
[107219.1, 107274.8, 214570.0, 213.9, 221.8, 226.0, 73.8]
[107199.7, 107423.7, 214424.8, 213.6, 193.2, 198.1, 74.6]
[107211.8, 107366.9, 214584.0, 223.2, 193.6, 195.6, 73.8]
[107127.3, 107202.5, 214393.8, 215.8, 229.1, 229.3, 74.3]
[107165.5, 107239.9, 214364.0, 220.5, 191.3, 203.0, 77.1]
[107294.1, 107124.7, 214312.9, 223.6, 245.7, 252.2, 76.8]
[107319.0, 107272.3, 214221.7, 218.1, 232.4, 228.4, 74.3]
[107316.9, 107373.8, 214774.3, 209.3, 219.1, 207.4, 71.1]
[107233.8, 107252.7, 214595.8, 218.4, 208.7, 214.8, 76.4]
[107244.8, 107207.8, 214617.1, 217.8, 187.7, 198.5, 71.7]
[107437.0, 107137.5, 214673.3, 228.3, 215.5, 216.0, 73.5]
[107433.9, 107268.5, 214421.3, 225.7, 204.3, 211.1, 72.0]
[107170.9, 107148.2, 214419.7, 224.7, 225.7, 214.4, 72.9]
[107252.3, 107363.6, 214450.8, 212.9, 215.1, 215.4, 71.4]
[107302.2, 107288.5, 215004.9, 222.4, 226.9, 217.3, 76.3]
[107359.4, 107302.7, 214379.8, 218.5, 215.0, 213.4, 70.4]
[107187.6, 107399.4, 214295.3, 223.6, 251.5, 248.4, 72.5]
[107317.4, 107109.0, 214540.1, 223.1, 239.2, 248.7, 72.7]
[107217.7, 107287.3, 214456.5, 215.3, 219.4, 220.1, 75.0]
[107353.4, 107109.4, 214118.3, 215.9, 222.3, 231.8, 68.8]
[107131.1, 107287.7, 214532.0, 224.1, 187.4, 196.6, 77.5]
[107279.3, 107149.1, 214312.4, 213.4, 221.0, 219.0, 74.9]
[107285.1, 107404.8, 214645.4, 219.4, 223.7, 227.6, 73.6]
[107291.1, 107105.7, 214570.6, 225.4, 243.4, 245.7, 73.2]
[107143.0, 107175.8, 214574.9, 227.6, 209.0, 218.6, 69.0]
[107211.5, 107111.9, 214374.5, 225.6, 234.9, 233.8, 69.7]
[107377.6, 107363.0, 214664.9, 226.3, 222.4, 232.0, 71.2]
[107260.1, 107151.8, 214447.9, 220.8, 241.8, 240.8, 77.8]
[107419.9, 107071.8, 214691.2, 228.6, 236.0, 232.7, 76.3]
[107239.6, 107256.7, 214893.2, 222.9, 243.2, 243.2, 69.8]
[107212.3, 107106.5, 214547.8, 226.5, 253.9, 243.0, 74.0]
[107326.4, 107369.5, 214654.6, 216.9, 210.4, 215.4, 75.3]
[107225.9, 107235.7, 214595.4, 222.4, 237.3, 238.1, 72.4]
[107311.4, 107128.6, 214507.8, 222.3, 204.1, 205.1, 76.1]
[107226.9, 106941.1, 214226.0, 222.1, 215.6, 222.3, 73.6]
[107338.8, 107100.3, 214431.1, 227.4, 211.2, 198.2, 75.6]
[107284.8, 107452.2, 214547.2, 214.6, 231.2, 240.8, 69.3]
[107044.1, 107200.6, 214781.7, 223.0, 208.0, 205.8, 68.9]
[107169.4, 107271.9, 214639.1, 219.0, 226.0, 208.6, 80.7]
[107394.6, 107387.5, 214475.0, 218.4, 217.6, 226.8, 77.0]
[107305.6, 107333.5, 214377.6, 229.4, 222.8, 217.9, 73.1]
[107343.4, 107324.7, 214122.5, 219.6, 235.5, 234.5, 72.2]
[107247.9, 107355.8, 214730.8, 228.0, 215.2, 214.8, 75.2]
[107223.9, 107098.6, 214340.4, 229.4, 228.0, 219.2, 75.9]
[107223.9, 107090.1, 214424.9, 226.4, 238.2, 233.2, 75.7]
[107161.7, 107231.2, 214297.2, 229.8, 251.3, 245.8, 77.0]
[107401.6, 107169.9, 214453.4, 219.0, 227.7, 230.9, 74.7]
[107263.8, 107178.4, 214727.1, 221.3, 222.0, 220.6, 68.3]
[107250.8, 107284.8, 214385.4, 220.5, 236.9, 236.2, 71.6]
[107352.3, 107169.5, 214369.9, 220.7, 235.8, 235.6, 69.5]
[107122.2, 107379.6, 214349.9, 213.2, 237.8, 235.0, 70.6]
[107166.0, 107294.9, 214681.8, 225.5, 224.2, 226.9, 72.5]
[107400.5, 107211.3, 214572.0, 218.5, 207.9, 212.8, 69.9]
[107250.9, 107211.7, 214474.2, 227.3, 249.8, 236.3, 73.5]
[107133.9, 107045.1, 214588.3, 216.9, 226.6, 234.4, 74.0]
[107186.9, 107129.6, 214426.7, 223.7, 230.2, 233.0, 73.2]
[107308.7, 107019.4, 214362.5, 218.8, 237.6, 238.4, 75.1]
[107138.0, 107263.8, 214693.3, 220.0, 245.8, 240.8, 72.4]
[107374.4, 107393.0, 214305.1, 217.1, 204.6, 191.2, 75.3]
[107420.8, 107097.6, 214306.6, 222.7, 212.5, 218.4, 74.1]
[107265.7, 107284.9, 214503.6, 221.0, 215.6, 219.5, 76.3]
[107273.1, 107275.6, 214655.6, 222.6, 191.4, 188.2, 77.2]
[107140.9, 107243.1, 214335.9, 215.0, 202.1, 204.1, 73.7]
[107068.4, 107156.9, 214638.4, 223.2, 259.3, 241.5, 72.1]
[107264.6, 107385.1, 214676.4, 219.9, 211.1, 211.0, 78.9]
[107000.8, 107120.5, 214561.1, 228.1, 255.2, 250.7, 71.5]
[107231.5, 107049.1, 214604.5, 220.2, 211.6, 203.8, 73.5]
[107124.3, 107260.2, 214480.2, 217.6, 235.1, 223.6, 74.8]
[107223.6, 107004.0, 214598.7, 221.9, 244.6, 247.8, 75.4]
[107361.5, 107291.2, 214066.6, 229.4, 219.5, 225.6, 72.2]
[107234.2, 107194.8, 214420.1, 221.6, 212.0, 202.4, 75.4]
[107403.3, 107223.1, 214278.5, 220.2, 211.2, 216.6, 78.1]
[107142.3, 107214.3, 214319.9, 227.9, 206.3, 197.0, 75.4]
[107465.0, 107361.3, 214551.8, 220.9, 210.4, 203.7, 74.1]
[107323.7, 107157.9, 214275.1, 230.7, 244.7, 237.5, 74.9]
[107219.9, 107131.5, 214112.2, 216.6, 205.4, 198.0, 79.0]
[107146.7, 107125.0, 214623.5, 228.5, 242.8, 252.9, 75.2]
[107206.3, 107415.6, 214326.6, 226.6, 214.1, 209.8, 75.3]
[107110.2, 107138.4, 214577.3, 218.6, 228.0, 218.1, 73.8]
[107226.5, 107049.0, 214690.5, 221.4, 267.1, 255.4, 74.4]
[107335.5, 107338.2, 214648.3, 220.1, 215.3, 225.6, 71.2]
[107121.4, 107416.6, 214876.4, 223.7, 203.2, 199.7, 72.8]
[107429.1, 107283.3, 214209.7, 204.6, 220.7, 231.5, 75.1]
[107221.1, 107367.0, 214485.8, 229.4, 202.9, 206.6, 72.8]
[107079.2, 107262.6, 214307.9, 221.5, 234.9, 231.3, 68.3]
[107287.7, 107189.5, 214193.3, 221.4, 192.6, 208.8, 74.9]
[107223.0, 107152.2, 214405.8, 227.3, 240.1, 240.9, 79.5]
[107108.8, 107421.7, 214652.2, 222.2, 186.9, 185.9, 69.6]
[107248.4, 107331.4, 214650.6, 219.8, 223.1, 226.9, 74.4]
[107153.4, 107393.1, 214397.2, 229.2, 218.9, 224.5, 71.6]
[107122.6, 107157.0, 214439.8, 213.3, 246.9, 241.3, 73.5]
[107338.1, 107215.6, 214654.6, 224.5, 202.3, 205.7, 71.6]
[107203.1, 107415.8, 214637.7, 226.2, 224.2, 220.7, 74.1]
[107102.6, 107126.8, 214344.5, 225.1, 231.6, 240.4, 72.3]
[107258.2, 107303.1, 214223.5, 221.1, 236.8, 235.7, 74.7]
[107035.4, 107011.3, 214592.6, 225.4, 252.6, 245.9, 71.0]
[107295.5, 107302.5, 214513.9, 222.3, 222.1, 213.3, 69.3]
[107285.2, 107293.8, 214491.8, 216.5, 234.6, 231.9, 71.0]
[107170.7, 107287.7, 214461.7, 223.9, 240.2, 240.4, 71.0]
[107338.4, 107279.6, 214475.2, 223.6, 216.1, 219.1, 70.7]
[107243.6, 107258.7, 214456.6, 235.3, 238.4, 245.6, 68.5]
[107286.0, 107285.3, 214401.9, 215.1, 220.8, 231.4, 72.4]
[107067.6, 107337.2, 214408.6, 222.2, 211.8, 202.8, 71.3]
[107366.3, 107157.9, 214201.1, 211.3, 228.9, 236.5, 71.3]
[107209.1, 107395.0, 214271.0, 222.7, 208.2, 206.4, 69.5]
[107243.8, 107311.2, 214368.1, 215.3, 202.9, 215.2, 74.3]
[107271.9, 107195.1, 214504.7, 227.9, 232.2, 234.4, 70.1]
[107118.2, 107135.3, 214290.5, 218.2, 204.3, 205.9, 75.9]
[107282.8, 107379.7, 214383.5, 222.1, 233.4, 236.6, 76.2]
[107179.1, 107161.2, 214316.2, 221.7, 217.5, 210.2, 69.6]
[107040.0, 107351.4, 214402.5, 212.9, 220.9, 224.5, 71.0]
[107263.0, 107213.5, 214477.0, 228.5, 214.5, 211.3, 70.5]
[107198.4, 107352.6, 214533.9, 219.1, 206.7, 208.6, 72.4]
[107248.9, 107038.3, 214455.6, 223.0, 223.7, 217.7, 76.1]
[107144.4, 107197.7, 214567.6, 220.5, 246.9, 246.5, 76.4]
[107229.0, 107322.7, 214437.6, 218.6, 215.5, 213.6, 77.1]
[107270.5, 107250.7, 214470.4, 216.2, 213.8, 214.2, 75.2]
[107117.7, 107305.2, 214311.9, 223.8, 198.4, 208.8, 74.4]
[107311.2, 107178.7, 214434.6, 222.8, 196.8, 195.0, 72.6]
[107121.9, 107351.2, 214652.0, 215.7, 204.1, 208.6, 74.1]
[107303.7, 107097.5, 214320.0, 222.5, 255.8, 253.7, 70.3]
[107455.1, 107316.4, 214638.1, 220.2, 171.2, 168.3, 73.0]
[107146.1, 107313.7, 214750.0, 221.2, 212.4, 203.7, 81.2]
[107327.4, 107315.3, 214756.0, 222.7, 222.7, 219.5, 76.0]
[107112.2, 107157.5, 214487.3, 213.3, 227.2, 232.5, 71.3]
[107242.9, 107301.5, 214483.6, 223.9, 226.9, 226.2, 78.1]
[107232.6, 107135.6, 214204.6, 221.1, 220.6, 224.5, 71.6]
[107307.6, 107228.3, 214737.5, 217.7, 229.4, 229.2, 69.1]
[107403.8, 107364.8, 214576.7, 227.1, 226.1, 226.9, 77.4]
[107311.5, 107078.8, 214434.8, 216.6, 250.9, 254.6, 71.6]
[107245.6, 107178.6, 214213.3, 225.7, 222.0, 214.2, 70.7]
[107070.9, 107218.9, 214130.1, 216.3, 248.9, 249.9, 74.3]
[107290.5, 107225.1, 214583.0, 219.3, 230.8, 228.8, 71.9]
[107284.6, 107143.0, 214502.2, 220.4, 187.2, 188.4, 70.6]
[107328.5, 107184.3, 214498.7, 212.9, 210.7, 217.0, 74.1]
[107049.5, 107048.8, 214188.7, 221.4, 234.5, 238.5, 72.6]
[107239.8, 107306.0, 214663.1, 222.3, 195.3, 186.9, 76.5]
[107170.7, 107271.8, 214444.4, 221.4, 218.1, 221.3, 76.3]
[107151.5, 107070.8, 214507.8, 224.3, 230.4, 231.2, 71.6]
[107320.6, 107072.2, 214174.7, 226.9, 219.4, 221.0, 73.5]
[107142.1, 107095.4, 214467.4, 224.9, 238.0, 235.8, 78.1]
[107089.0, 107326.0, 214521.5, 227.9, 203.7, 204.4, 72.5]
[107256.0, 107179.3, 214545.5, 214.0, 247.7, 255.9, 70.5]
[107181.4, 107194.6, 214568.5, 223.8, 223.5, 224.5, 72.6]
[107294.8, 107255.6, 214482.7, 221.6, 231.9, 231.6, 70.4]
[107040.4, 107216.5, 214482.8, 219.8, 239.9, 237.8, 73.9]
[107310.7, 107243.3, 214600.9, 218.6, 218.3, 219.5, 75.6]
[107213.4, 107127.6, 214465.6, 225.8, 227.9, 227.7, 69.0]
[107250.8, 107250.5, 214545.4, 222.1, 237.4, 231.7, 70.1]
[107316.2, 107244.5, 214145.6, 215.9, 229.6, 226.0, 77.4]
[107353.2, 107199.1, 214432.0, 214.3, 219.4, 226.8, 73.8]
[107321.7, 107320.6, 214392.8, 220.9, 234.5, 238.7, 77.1]
[107103.1, 107165.4, 214271.0, 225.4, 229.8, 243.1, 74.2]
[107215.2, 107190.8, 214546.2, 229.4, 231.7, 231.5, 72.4]
[107358.6, 107179.2, 214670.8, 215.2, 253.3, 261.5, 72.1]
[107142.4, 107260.3, 214686.7, 221.8, 228.5, 234.0, 75.5]
[107214.0, 107178.0, 214390.6, 215.1, 230.6, 231.1, 73.6]
[107210.1, 107224.1, 214446.1, 213.2, 194.6, 193.6, 77.1]
[107449.5, 107325.6, 214424.7, 219.6, 197.7, 204.7, 72.3]
[107244.1, 107242.2, 214398.6, 214.9, 221.9, 218.7, 79.0]
[107119.1, 107204.1, 214323.3, 223.8, 246.7, 249.7, 72.0]
[107045.9, 107367.4, 214437.5, 226.7, 221.7, 227.5, 74.7]
[107123.7, 107365.4, 214385.3, 223.0, 226.6, 229.4, 70.2]
[107509.1, 107359.9, 214362.7, 215.8, 224.9, 215.7, 71.3]
[107181.3, 107343.9, 214572.2, 219.2, 197.7, 199.0, 75.1]
[107319.7, 107438.2, 214602.7, 213.8, 200.5, 198.6, 74.8]
[107338.7, 107126.9, 214692.6, 215.6, 246.3, 251.1, 74.8]
[107311.9, 107465.8, 214450.3, 214.8, 204.5, 207.4, 75.9]
[107308.1, 107206.2, 214669.8, 223.6, 194.7, 202.3, 75.6]
[107384.5, 107129.3, 214631.7, 214.3, 244.4, 242.1, 71.1]
[107226.4, 107547.5, 214542.1, 222.2, 220.0, 213.9, 74.2]
[107108.7, 107242.6, 214758.2, 219.4, 207.3, 205.4, 74.9]
[107270.7, 107252.0, 214705.5, 210.7, 189.6, 190.5, 74.1]
[107223.6, 106992.9, 214415.2, 219.5, 218.5, 217.2, 72.8]
[107262.4, 107309.7, 214525.9, 219.3, 202.0, 202.8, 75.4]
[107165.6, 107303.4, 214691.0, 225.2, 225.3, 219.2, 71.6]
[107206.1, 107174.1, 214633.6, 225.7, 227.0, 224.8, 77.1]
[107368.5, 107116.9, 214273.1, 226.1, 210.5, 206.6, 72.1]
[107312.6, 107275.1, 214440.1, 216.8, 227.4, 225.6, 73.8]
[107117.8, 107161.6, 214627.4, 205.0, 261.3, 263.0, 76.2]
[107200.8, 107045.2, 214715.3, 218.5, 219.7, 218.6, 78.0]
[107111.8, 107399.9, 214531.0, 222.0, 179.4, 175.9, 76.3]
[107315.7, 107128.6, 214640.5, 218.0, 230.6, 229.5, 71.9]
[107305.3, 107318.4, 214674.5, 219.7, 218.4, 212.7, 73.2]
[107285.9, 107119.4, 214394.4, 214.2, 227.1, 229.5, 72.5]
[107225.4, 107325.0, 214542.6, 218.3, 199.3, 207.7, 77.6]
[107177.3, 107234.6, 214549.8, 218.6, 230.4, 240.8, 73.2]
[107376.9, 107256.1, 214304.4, 223.0, 217.4, 214.1, 73.7]
[107294.5, 107275.2, 214708.4, 224.2, 223.1, 215.9, 66.6]
[107134.8, 107098.9, 214587.6, 218.2, 226.8, 222.3, 77.6]
[107194.4, 107378.0, 214302.3, 220.4, 205.9, 213.5, 78.7]
[107242.7, 107124.8, 214538.5, 221.4, 258.1, 257.9, 71.7]
[107367.1, 107305.3, 214383.4, 216.6, 191.8, 184.8, 74.3]
[107401.9, 107491.8, 214396.6, 223.0, 195.7, 200.1, 78.6]
[107326.1, 107332.1, 214304.8, 217.5, 227.6, 228.0, 73.3]
[107290.3, 107189.7, 214653.9, 219.5, 214.4, 220.1, 75.6]
[107173.5, 107512.1, 214363.3, 225.1, 254.4, 241.9, 78.5]
[107362.6, 107106.0, 214377.0, 230.7, 252.3, 259.9, 72.8]
[107370.9, 107148.2, 214618.2, 219.1, 185.5, 183.9, 72.6]
[107281.0, 107144.7, 214279.4, 217.5, 237.9, 242.1, 71.8]
[107229.6, 107227.2, 214609.0, 222.2, 210.8, 212.7, 72.2]
[107289.1, 107166.8, 214643.9, 216.9, 203.8, 198.1, 73.1]
[107206.8, 107146.9, 214531.8, 226.2, 233.7, 241.8, 71.4]
[107306.1, 107325.9, 214578.4, 223.3, 231.5, 227.3, 73.3]
[107060.1, 107217.3, 214637.6, 221.1, 180.3, 189.1, 69.6]
[107228.8, 107207.4, 214180.7, 215.2, 255.4, 251.8, 75.4]
[107193.9, 107335.1, 214699.1, 226.0, 205.0, 212.9, 77.3]
[107288.0, 107271.5, 214632.5, 218.8, 207.0, 213.7, 73.5]
[107292.4, 107344.8, 214475.1, 217.6, 217.7, 219.8, 70.9]
[107370.7, 107293.9, 214197.9, 218.9, 236.5, 228.1, 75.8]
[107354.9, 107168.1, 214292.6, 227.3, 235.0, 225.5, 70.4]
[107261.9, 107253.2, 214354.2, 213.8, 202.7, 204.9, 76.1]
[107144.9, 107300.8, 214573.1, 220.7, 230.1, 227.8, 74.2]
[107388.8, 107355.6, 214387.4, 229.3, 191.4, 195.2, 74.6]
[107266.8, 107176.6, 214452.2, 216.6, 218.0, 220.3, 67.2]
[107195.2, 107158.5, 214512.5, 211.5, 212.3, 213.2, 78.3]
[107292.7, 107175.0, 214106.5, 219.2, 209.0, 199.5, 78.7]
[107218.6, 107097.0, 214592.4, 223.6, 222.3, 217.2, 72.4]
[107178.9, 107142.4, 214507.7, 218.7, 228.1, 234.0, 71.8]
[107246.1, 107280.1, 214427.7, 219.7, 214.4, 213.8, 75.8]
[107468.2, 107368.6, 214639.8, 223.3, 204.5, 211.5, 74.2]
[107391.4, 107241.0, 214590.8, 220.4, 222.8, 225.9, 72.0]
[107140.0, 107201.7, 214574.4, 214.1, 246.1, 249.4, 75.5]
[107107.2, 107188.1, 214595.2, 222.2, 228.5, 224.1, 77.9]
[107319.4, 106957.8, 214059.2, 207.0, 252.5, 247.5, 72.0]
[107212.0, 107194.2, 214534.4, 212.8, 201.4, 198.6, 73.5]
[107326.3, 107211.9, 214529.7, 212.0, 197.2, 195.8, 71.9]
[107322.5, 107161.6, 214430.2, 217.7, 211.0, 207.0, 73.8]
[107322.9, 107251.0, 214608.3, 222.9, 228.9, 226.7, 73.4]
[107451.4, 107343.8, 214402.1, 219.8, 179.2, 179.6, 69.2]
[107091.7, 107165.4, 214491.6, 220.8, 230.1, 228.6, 71.5]
[107465.4, 107185.1, 214304.0, 218.2, 227.0, 224.4, 74.9]
[107279.4, 107172.5, 214623.2, 216.0, 229.4, 228.3, 74.6]
[107245.4, 107203.3, 214436.7, 233.4, 253.1, 246.4, 74.4]
[107245.3, 107205.2, 214720.7, 218.9, 233.3, 225.0, 79.6]
[107303.7, 107322.7, 214520.4, 218.6, 247.7, 233.6, 73.4]
[107149.3, 107308.4, 214340.2, 226.4, 234.8, 236.1, 71.5]
[107338.8, 107195.4, 214359.9, 216.0, 222.4, 229.3, 75.8]
[107298.4, 107295.7, 214175.3, 221.1, 205.3, 213.0, 76.6]
[107020.1, 107073.1, 214520.8, 222.5, 234.3, 239.9, 78.1]
[107275.7, 107318.7, 214424.8, 223.8, 230.7, 228.5, 69.7]
[107190.1, 107235.4, 214389.2, 229.0, 203.5, 204.8, 72.4]
[107264.7, 107185.3, 214589.3, 221.8, 235.8, 234.5, 75.1]
[107483.6, 107375.8, 214366.9, 216.2, 196.3, 196.7, 71.4]
[107221.4, 107119.0, 214569.2, 223.1, 241.1, 250.0, 73.0]
[107337.9, 107210.7, 214382.7, 221.9, 194.9, 199.9, 73.0]
[107466.0, 107158.4, 214473.8, 224.0, 239.2, 242.8, 72.1]
[107301.9, 107135.9, 214527.5, 220.6, 242.5, 243.0, 73.1]
[107194.4, 107417.0, 214740.3, 221.5, 231.1, 232.5, 73.3]
[107248.8, 107141.4, 214380.4, 225.7, 230.2, 219.4, 77.7]
[107163.4, 107243.3, 214338.2, 222.6, 253.0, 252.3, 76.4]
[107225.2, 107277.0, 214649.9, 223.7, 216.1, 211.0, 72.7]
[107294.4, 107354.1, 214705.0, 218.6, 205.9, 212.1, 72.0]
[107157.1, 107221.3, 214408.1, 224.0, 227.4, 228.7, 71.1]
[107104.7, 107477.1, 214467.7, 217.3, 254.3, 245.4, 75.0]
[107027.4, 107530.2, 214286.1, 214.1, 199.0, 205.9, 70.2]
[107293.6, 107268.1, 214437.1, 224.3, 201.6, 205.2, 77.2]
[107149.8, 107236.1, 214374.9, 223.6, 234.0, 230.8, 74.9]
[107093.2, 107276.8, 214451.1, 221.9, 252.4, 265.6, 72.0]
[107330.3, 107034.8, 214820.5, 217.8, 239.9, 246.0, 78.7]
